,Name,Team,Season,GP,Win%,Mins,Points,PPM,FGM,FGA,FG%,3PM,3PA,3P%,FTM,FTA,FT%,OREB,DREB,REB,AST,TOV,AST/TO,STL,BLK,EFG%,TS%,OFFRTG,DEFRTG,NETRTG,PF,Plusminus,PIE
0,Ronny Turiaf,MIN,2014,2,100.0,9.5,1.5,0.15789473684210525,0.5,2.0,25.0,0.0,0.0,,0.5,0.5,100.0,0.5,1.0,1.5,1.0,0.0,inf,0.5,0.5,0.25,0.33783783783783783,112.83684210526314,94.59473684210528,18.242105263157868,2.0,6,4.126315789473685
1,Larry Sanders,MIL,2014,3,33.33333333333333,17.333333333333332,2.6666666666666665,0.15384615384615385,1.3333333333333333,5.333333333333333,25.0,0.0,0.0,,0.0,0.0,,1.0,2.6666666666666665,3.6666666666666665,0.6666666666666666,1.0,0.6666666666666666,0.0,2.0,0.25,0.25,77.04615384615384,103.42692307692307,-26.380769230769232,3.0,-27,-3.8115384615384613
2,Tyson Chandler,NYK,2014,4,25.0,26.75,7.25,0.27102803738317754,3.0,5.0,60.0,0.0,0.0,,1.25,1.75,71.42857142857143,3.75,5.25,9.0,1.25,1.75,0.7142857142857143,1.0,2.5,0.6,0.6282495667244368,97.90841121495326,93.51495327102802,4.393457943925242,2.5,8,14.330841121495325
3,Arinze Onuaku,NOP,2014,3,33.33333333333333,8.333333333333334,1.0,0.12,0.3333333333333333,1.3333333333333333,25.0,0.0,0.0,,0.3333333333333333,0.6666666666666666,50.0,0.6666666666666666,1.6666666666666667,2.3333333333333335,1.0,0.3333333333333333,3.0,0.0,0.0,0.25,0.3073770491803279,98.08,114.72,-16.64,1.0,-6,6.039999999999999
4,Andrei Kirilenko,BKN,2014,4,50.0,13.25,5.75,0.4339622641509434,1.5,3.5,42.857142857142854,0.0,0.0,,2.75,4.75,57.89473684210527,1.75,1.5,3.25,1.0,0.75,1.3333333333333333,0.75,0.0,0.42857142857142855,0.5143112701252236,103.43207547169811,106.90566037735849,-3.473584905660374,2.0,-7,13.726415094339623
5,JaVale McGee,DEN,2014,5,20.0,16.0,7.0,0.4375,3.4,7.6,44.73684210526316,0.0,0.0,,0.2,0.2,100.0,2.0,1.4,3.4,0.4,1.6,0.25,0.2,1.4,0.4473684210526316,0.4552549427679501,107.50625,109.90625,-2.4000000000000057,3.2,-5,2.41375
6,Steve Nash,LAL,2014,6,50.0,22.333333333333332,6.666666666666667,0.29850746268656714,2.0,7.666666666666667,26.08695652173913,0.8333333333333334,2.1666666666666665,38.46153846153847,1.8333333333333333,2.0,91.66666666666666,0.3333333333333333,1.1666666666666667,1.5,4.833333333333333,2.0,2.4166666666666665,0.3333333333333333,0.16666666666666666,0.31521739130434784,0.39001560062402496,90.61268656716418,103.15074626865672,-12.538059701492543,1.8333333333333333,-37,4.5783582089552235
7,Lance Thomas,NOP,2014,5,60.0,8.4,1.2,0.14285714285714285,0.4,1.8,22.22222222222222,0.0,0.0,,0.4,0.8,50.0,0.4,1.0,1.4,0.6,0.4,1.5,0.0,0.0,0.2222222222222222,0.2788104089219331,90.98571428571428,95.86190476190474,-4.876190476190459,0.8,-3,0.5428571428571431
8,Jamaal Tinsley,UTA,2014,8,0.0,13.75,1.125,0.08181818181818182,0.5,2.5,20.0,0.125,1.875,6.666666666666667,0.0,0.0,,0.25,1.125,1.375,2.875,1.125,2.5555555555555554,0.25,0.0,0.225,0.225,87.55363636363637,111.10000000000001,-23.546363636363637,1.25,-47,9.94
9,Al Harrington,WAS,2014,7,28.57142857142857,18.428571428571427,7.857142857142857,0.4263565891472868,2.7142857142857144,7.428571428571429,36.53846153846153,1.7142857142857142,4.0,42.857142857142854,0.7142857142857143,1.0,71.42857142857143,0.0,1.4285714285714286,1.4285714285714286,1.0,1.2857142857142858,0.7777777777777778,0.5714285714285714,0.0,0.4807692307692308,0.49927378358750907,91.36511627906978,114.68062015503875,-23.31550387596897,2.2857142857142856,-57,3.271317829457364
10,Elias Harris,LAL,2014,2,50.0,6.0,0.0,0.0,0.0,0.5,0.0,0.0,0.0,,0.0,0.0,,0.5,0.0,0.5,0.5,0.0,inf,0.5,0.0,0.0,0.0,117.16666666666666,134.63333333333333,-17.46666666666667,0.0,-6,2.6
11,Greg Stiemsma,NOP,2014,8,37.5,15.375,2.0,0.13008130081300814,0.875,1.75,50.0,0.0,0.0,,0.25,0.5,50.0,1.375,3.25,4.625,0.375,1.125,0.3333333333333333,0.125,1.0,0.5,0.5076142131979695,91.32499999999999,93.81451612903226,-2.4895161290322676,2.25,-13,5.70725806451613
12,Victor Claver,POR,2014,3,66.66666666666666,1.0,0.0,0.0,0.0,0.0,,0.0,0.0,,0.0,0.0,,0.0,0.0,0.0,0.0,0.3333333333333333,0.0,0.0,0.0,,,44.43333333333334,66.66666666666666,-22.23333333333332,0.0,-1,-33.33333333333333
13,Matt Barnes,LAC,2014,8,75.0,20.0,5.875,0.29375,1.625,4.75,34.21052631578947,0.5,2.0,25.0,2.125,2.5,85.0,1.0,3.25,4.25,1.625,1.25,1.3,1.0,0.125,0.39473684210526316,0.5021367521367521,111.45802469135802,107.76666666666667,3.691358024691354,2.875,-2,7.319135802469135
14,Darius Morris,PHI,2014,12,41.66666666666667,16.083333333333332,6.916666666666667,0.43005181347150256,2.4166666666666665,5.583333333333333,43.28358208955223,0.8333333333333334,2.0,41.66666666666667,1.25,1.75,71.42857142857143,0.25,0.8333333333333334,1.0833333333333333,2.5833333333333335,1.5833333333333333,1.631578947368421,0.6666666666666666,0.0,0.5074626865671642,0.5443336831059812,92.41128205128206,99.23333333333332,-6.822051282051262,1.75,-33,8.152820512820512
15,Henry Sims,CLE,2014,6,16.666666666666664,5.833333333333333,1.6666666666666667,0.2857142857142857,0.6666666666666666,1.5,44.44444444444444,0.0,0.0,,0.3333333333333333,0.6666666666666666,50.0,0.8333333333333334,2.0,2.8333333333333335,0.16666666666666666,0.5,0.3333333333333333,0.0,0.3333333333333333,0.4444444444444444,0.4646840148698885,95.19999999999999,80.33333333333333,14.86666666666666,1.5,9,8.386111111111113
16,Ognjen Kuzmic,GSW,2014,10,70.0,4.1,0.5,0.12195121951219512,0.2,0.7,28.57142857142857,0.0,0.0,,0.1,0.3,33.33333333333333,0.2,0.3,0.5,0.0,0.8,0.0,0.0,0.4,0.2857142857142857,0.3004807692307692,76.65714285714286,115.71666666666667,-39.05952380952381,1.1,-34,-27.96428571428571
17,Alex Len,PHX,2014,4,50.0,7.75,1.75,0.22580645161290322,0.75,1.75,42.857142857142854,0.0,0.0,,0.25,0.5,50.0,1.25,0.5,1.75,0.25,0.75,0.3333333333333333,0.5,0.5,0.42857142857142855,0.44416243654822335,77.85483870967741,95.26129032258066,-17.406451612903254,2.0,-13,-7.967741935483872
18,Jason Terry,BKN,2014,11,27.27272727272727,17.272727272727273,5.2727272727272725,0.30526315789473685,1.9090909090909092,4.909090909090909,38.88888888888889,1.0909090909090908,3.090909090909091,35.294117647058826,0.36363636363636365,0.45454545454545453,80.0,0.09090909090909091,1.0909090909090908,1.1818181818181819,1.5454545454545454,0.6363636363636364,2.4285714285714284,0.2727272727272727,0.0,0.5,0.5160142348754448,101.22356020942408,108.86230366492146,-7.6387434554973765,1.6363636363636365,-27,5.317277486910995
19,Marc Gasol,MEM,2014,13,53.84615384615385,34.53846153846154,16.0,0.46325167037861914,5.923076923076923,12.923076923076923,45.83333333333333,0.0,0.07692307692307693,0.0,4.153846153846154,4.6923076923076925,88.52459016393442,1.5384615384615385,5.538461538461538,7.076923076923077,4.3076923076923075,1.6923076923076923,2.5454545454545454,0.9230769230769231,1.0769230769230769,0.4583333333333333,0.5337712995278177,102.57238307349667,105.20712694877506,-2.6347438752783887,2.5384615384615383,-14,13.991759465478838
20,Derrick Rose,CHI,2014,10,50.0,31.1,15.9,0.5112540192926045,5.8,16.4,35.36585365853659,1.6,4.7,34.04255319148936,2.7,3.2,84.375,0.9,2.3,3.2,4.3,3.4,1.2647058823529411,0.5,0.1,0.4024390243902439,0.4464285714285714,98.42523961661342,103.52076677316295,-5.095527156549522,1.5,-32,7.443450479233226
21,Andre Iguodala,GSW,2014,13,61.53846153846154,37.15384615384615,12.923076923076923,0.34782608695652173,4.615384615384615,8.461538461538462,54.54545454545454,1.7692307692307692,3.6923076923076925,47.91666666666667,1.9230769230769231,3.1538461538461537,60.97560975609756,0.5384615384615384,3.6923076923076925,4.230769230769231,6.3076923076923075,2.4615384615384617,2.5625,1.9230769230769231,0.3076923076923077,0.65,0.6560449859418932,108.91552795031055,96.3656314699793,12.549896480331242,2.076923076923077,130,11.989026915113872
22,Ian Clark,UTA,2014,8,0.0,8.875,2.75,0.30985915492957744,1.125,3.25,34.61538461538461,0.375,1.375,27.27272727272727,0.125,0.375,33.33333333333333,0.125,0.75,0.875,0.625,0.5,1.25,0.125,0.125,0.40384615384615385,0.40263543191800877,106.85211267605632,66.99718309859155,39.85492957746477,1.125,54,-4.422535211267604
23,Ricky Ledo,DAL,2014,6,33.33333333333333,2.6666666666666665,1.1666666666666667,0.4375,0.3333333333333333,1.6666666666666667,20.0,0.16666666666666666,0.6666666666666666,25.0,0.3333333333333333,0.3333333333333333,100.0,0.0,0.3333333333333333,0.3333333333333333,0.16666666666666666,0.3333333333333333,0.5,0.0,0.0,0.25,0.3216911764705882,69.2125,88.56875000000001,-19.356250000000003,0.16666666666666666,-2,3.412499999999998
24,Dennis Schroder,ATL,2014,11,45.45454545454545,13.909090909090908,3.727272727272727,0.2679738562091503,1.4545454545454546,4.090909090909091,35.55555555555556,0.09090909090909091,0.8181818181818182,11.11111111111111,0.7272727272727273,1.0909090909090908,66.66666666666666,0.09090909090909091,1.0,1.0909090909090908,2.4545454545454546,1.6363636363636365,1.5,0.36363636363636365,0.0,0.36666666666666664,0.4077167859984089,94.55454545454545,112.2116883116883,-17.65714285714286,1.2727272727272727,-45,2.837662337662337
25,Caron Butler,MIL,2014,12,16.666666666666664,29.333333333333332,13.166666666666666,0.44886363636363635,4.583333333333333,11.916666666666666,38.46153846153847,2.0,5.416666666666667,36.92307692307693,2.0,2.4166666666666665,82.75862068965517,0.75,4.833333333333333,5.583333333333333,1.5,2.0,0.75,1.0,0.08333333333333333,0.46853146853146854,0.5071905495634309,90.70084985835695,106.05099150141643,-15.350141643059487,2.0833333333333335,-106,9.652407932011332
26,JJ Redick,LAC,2014,17,70.58823529411765,28.235294117647058,15.764705882352942,0.5583333333333333,5.411764705882353,11.764705882352942,46.0,1.9411764705882353,5.411764705882353,35.869565217391305,3.0,3.235294117647059,92.72727272727272,0.4117647058823529,1.8235294117647058,2.235294117647059,2.0,1.0,2.0,0.8823529411764706,0.17647058823529413,0.5425,0.5976806422836753,114.699375,103.76062499999999,10.938750000000013,2.176470588235294,112,10.290416666666667
27,Carrick Felix,CLE,2014,3,0.0,5.0,1.3333333333333333,0.26666666666666666,0.3333333333333333,1.3333333333333333,25.0,0.0,0.3333333333333333,0.0,0.6666666666666666,0.6666666666666666,100.0,0.3333333333333333,0.3333333333333333,0.6666666666666666,0.3333333333333333,0.6666666666666666,0.5,0.0,0.0,0.25,0.4098360655737705,102.66666666666667,110.41333333333334,-7.74666666666667,0.3333333333333333,-3,3.780000000000001
28,Jannero Pargo,CHA,2014,4,50.0,4.5,2.5,0.5555555555555556,1.0,2.5,40.0,0.25,1.0,25.0,0.25,0.75,33.33333333333333,0.0,0.0,0.0,0.25,1.25,0.2,0.25,0.0,0.45,0.4416961130742049,65.92222222222222,91.2388888888889,-25.316666666666677,0.5,-10,-10.88888888888889
29,James Southerland,CHA,2014,1,100.0,3.0,0.0,0.0,0.0,3.0,0.0,0.0,1.0,0.0,0.0,0.0,,0.0,0.0,0.0,0.0,0.0,,0.0,0.0,0.0,0.0,16.7,57.1,-40.400000000000006,0.0,-3,0.0
30,Keith Bogans,BOS,2014,4,25.0,7.0,0.0,0.0,0.0,0.5,0.0,0.0,0.5,0.0,0.0,0.0,,0.0,0.25,0.25,0.0,0.25,0.0,0.25,0.0,0.0,0.0,76.74642857142857,87.95714285714286,-11.210714285714289,0.25,-7,0.0392857142857137
31,Anthony Davis,NOP,2014,16,50.0,33.5625,18.8125,0.5605214152700186,7.0,14.0625,49.77777777777778,0.0,0.0,,4.8125,5.6875,84.61538461538461,3.75,6.4375,10.1875,1.5625,1.375,1.1363636363636365,1.625,3.625,0.49777777777777776,0.5678388167823725,107.79851576994434,103.65064935064936,4.147866419294985,3.0625,40,16.33209647495362
32,Jordan Farmar,LAL,2014,18,50.0,18.944444444444443,9.166666666666666,0.4838709677419355,3.5,8.0,43.75,1.2222222222222223,3.111111111111111,39.285714285714285,0.9444444444444444,1.2222222222222223,77.27272727272727,0.7222222222222222,2.2222222222222223,2.9444444444444446,4.444444444444445,2.0555555555555554,2.1621621621621623,0.6666666666666666,0.2222222222222222,0.5138888888888888,0.5368297761582509,104.64076246334311,97.60615835777125,7.034604105571859,1.5,56,12.78093841642229
33,Ã–mer AÅŸik,HOU,2014,17,64.70588235294117,18.176470588235293,4.411764705882353,0.24271844660194175,1.4705882352941178,3.1176470588235294,47.16981132075472,0.0,0.0,,1.4705882352941178,2.2941176470588234,64.1025641025641,1.6470588235294117,5.117647058823529,6.764705882352941,0.4117647058823529,1.1764705882352942,0.35,0.23529411764705882,0.4117647058823529,0.4716981132075472,0.5344925883694414,100.9690322580645,96.73419354838708,4.234838709677419,2.0,22,10.064516129032258
34,Michael Carter-Williams,PHI,2014,15,40.0,36.8,17.666666666666668,0.48007246376811596,6.333333333333333,15.533333333333333,40.772532188841204,1.4666666666666666,4.533333333333333,32.35294117647059,3.533333333333333,5.266666666666667,67.08860759493672,1.7333333333333334,4.066666666666666,5.8,7.333333333333333,3.6666666666666665,2.0,3.1333333333333333,0.7333333333333333,0.45493562231759654,0.49484613086345985,103.02083333333333,106.93152173913042,-3.9106884057970888,2.6666666666666665,-51,11.45054347826087
35,Dewayne Dedmon,GSW,2014,4,50.0,1.5,0.25,0.16666666666666666,0.0,0.25,0.0,0.0,0.0,,0.25,0.5,50.0,0.0,0.0,0.0,0.0,0.0,,0.0,0.0,0.0,0.26595744680851063,124.98333333333333,141.11666666666667,-16.13333333333334,0.25,-6,-6.766666666666667
36,Dionte Christmas,PHX,2014,13,38.46153846153847,7.384615384615385,2.076923076923077,0.28125,0.7692307692307693,2.076923076923077,37.03703703703704,0.3076923076923077,1.0,30.76923076923077,0.23076923076923078,0.3076923076923077,75.0,0.3076923076923077,1.0,1.3076923076923077,0.07692307692307693,0.23076923076923078,0.3333333333333333,0.15384615384615385,0.0,0.4444444444444444,0.4694019471488178,107.15416666666667,98.95833333333333,8.19583333333334,0.6923076923076923,15,4.596875
37,Quincy Miller,DEN,2014,3,66.66666666666666,2.6666666666666665,1.6666666666666667,0.625,0.6666666666666666,1.6666666666666667,40.0,0.3333333333333333,0.3333333333333333,100.0,0.0,0.6666666666666666,0.0,0.0,0.3333333333333333,0.3333333333333333,0.0,0.3333333333333333,0.0,0.0,0.3333333333333333,0.5,0.4251700680272109,62.5,46.125,16.375,0.3333333333333333,2,-8.475000000000001
38,Michael Kidd-Gilchrist,CHA,2014,18,38.88888888888889,26.77777777777778,9.11111111111111,0.34024896265560167,3.4444444444444446,6.888888888888889,50.0,0.0,0.2777777777777778,0.0,2.2222222222222223,3.3333333333333335,66.66666666666666,1.6111111111111112,3.6666666666666665,5.277777777777778,0.7222222222222222,1.7222222222222223,0.41935483870967744,0.5555555555555556,0.7222222222222222,0.5,0.5452127659574468,95.8871369294606,97.05809128630708,-1.1709543568464795,2.7777777777777777,-23,8.425103734439833
39,Ish Smith,PHX,2014,13,46.15384615384615,12.153846153846153,2.6153846153846154,0.21518987341772153,1.1538461538461537,3.6923076923076925,31.25,0.07692307692307693,0.6923076923076923,11.11111111111111,0.23076923076923078,0.23076923076923078,100.0,0.07692307692307693,1.0769230769230769,1.1538461538461537,2.0,0.9230769230769231,2.1666666666666665,0.7692307692307693,0.23076923076923078,0.3229166666666667,0.3446877534468775,91.51006289308177,102.84905660377359,-11.338993710691824,0.7692307692307693,-29,6.454716981132076
40,Zaza Pachulia,MIL,2014,17,17.647058823529413,25.11764705882353,6.9411764705882355,0.27634660421545665,2.235294117647059,6.176470588235294,36.19047619047619,0.0,0.058823529411764705,0.0,2.4705882352941178,2.6470588235294117,93.33333333333333,2.764705882352941,3.764705882352941,6.529411764705882,1.7647058823529411,1.7058823529411764,1.0344827586206897,0.9411764705882353,0.29411764705882354,0.3619047619047619,0.47275641025641024,95.46112412177985,100.96112412177985,-5.5,2.5294117647058822,-52,7.80351288056206
41,Michael Beasley,MIA,2014,14,78.57142857142857,17.785714285714285,11.357142857142858,0.6385542168674698,4.642857142857143,8.5,54.621848739495796,0.6428571428571429,1.2857142857142858,50.0,1.4285714285714286,1.8571428571428572,76.92307692307693,0.8571428571428571,3.142857142857143,4.0,0.6428571428571429,1.1428571428571428,0.5625,0.42857142857142855,0.5,0.5840336134453782,0.6094756209751611,109.28473895582329,98.46546184738955,10.819277108433738,1.7857142857142858,51,15.849397590361445
42,Nene,WAS,2014,16,56.25,32.6875,14.75,0.45124282982791586,5.625,10.9375,51.42857142857142,0.0,0.0625,0.0,3.5,5.5,63.63636363636363,1.1875,5.0,6.1875,2.875,1.75,1.6428571428571428,1.0625,1.0625,0.5142857142857142,0.552124274752012,102.87782026768643,98.79904397705548,4.078776290630955,3.1875,48,11.34053537284895
43,Gustavo Ayon,ATL,2014,9,66.66666666666666,16.0,4.333333333333333,0.2708333333333333,2.0,3.4444444444444446,58.06451612903226,0.0,0.0,,0.3333333333333333,0.4444444444444444,75.0,1.1111111111111112,3.111111111111111,4.222222222222222,0.7777777777777778,0.5555555555555556,1.4,0.6666666666666666,0.4444444444444444,0.5806451612903226,0.5952380952380952,96.2951724137931,105.06413793103448,-8.768965517241384,2.111111111111111,-20,9.224827586206896
44,Ryan Gomes,OKC,2014,4,50.0,6.75,1.0,0.14814814814814814,0.5,1.5,33.33333333333333,0.0,0.5,0.0,0.0,0.0,,0.0,0.75,0.75,0.25,0.25,1.0,0.0,0.0,0.3333333333333333,0.3333333333333333,84.72592592592592,80.65925925925926,4.066666666666663,1.25,1,-11.277777777777777
45,Solomon Jones,ORL,2014,10,10.0,8.2,1.4,0.17073170731707318,0.6,1.6,37.5,0.0,0.0,,0.2,0.4,50.0,0.8,0.8,1.6,0.2,0.2,1.0,0.2,0.2,0.375,0.3941441441441441,91.86951219512194,110.54268292682927,-18.67317073170733,1.2,-23,3.039024390243903
46,Josh Childress,NOP,2014,4,50.0,6.0,0.0,0.0,0.0,0.0,,0.0,0.0,,0.0,0.0,,0.0,0.75,0.75,0.5,0.25,2.0,0.25,0.0,,,136.98,105.436,31.543999999999983,0.25,11,5.247999999999999
47,Chuck Hayes,SAC,2014,16,31.25,11.1875,2.0625,0.18435754189944134,0.875,2.0,43.75,0.0,0.0,,0.3125,0.4375,71.42857142857143,1.25,1.6875,2.9375,0.375,0.4375,0.8571428571428571,0.6875,0.125,0.4375,0.47035347776510833,102.13166666666669,100.95777777777778,1.1738888888889107,1.125,4,7.567222222222223
48,Nemanja Nedovic,GSW,2014,18,61.111111111111114,6.888888888888889,1.1666666666666667,0.1693548387096774,0.3888888888888889,1.6666666666666667,23.333333333333332,0.1111111111111111,0.7777777777777778,14.285714285714285,0.2777777777777778,0.3333333333333333,83.33333333333334,0.1111111111111111,0.6111111111111112,0.7222222222222222,0.6666666666666666,0.6666666666666666,1.0,0.0,0.05555555555555555,0.26666666666666666,0.3216911764705882,83.27199999999999,106.32800000000002,-23.056000000000026,0.6666666666666666,-63,-2.079999999999999
49,Reggie Bullock Jr.,LAC,2014,17,64.70588235294117,10.235294117647058,2.7058823529411766,0.26436781609195403,1.0,2.6470588235294117,37.77777777777778,0.47058823529411764,1.6470588235294117,28.57142857142857,0.23529411764705882,0.29411764705882354,80.0,0.23529411764705882,1.1176470588235294,1.3529411764705883,0.23529411764705882,0.35294117647058826,0.6666666666666666,0.058823529411764705,0.058823529411764705,0.4666666666666667,0.4872881355932203,105.79942857142858,88.0417142857143,17.757714285714272,0.5882352941176471,58,5.506285714285715
50,Quincy Pondexter,MEM,2014,15,46.666666666666664,18.0,6.266666666666667,0.34814814814814815,2.066666666666667,5.266666666666667,39.24050632911392,0.7333333333333333,2.2666666666666666,32.35294117647059,1.4,1.7333333333333334,80.76923076923077,0.6666666666666666,1.0666666666666667,1.7333333333333334,1.3333333333333333,1.0,1.3333333333333333,0.3333333333333333,0.06666666666666667,0.4620253164556962,0.5196815568332597,95.4538745387454,115.34870848708488,-19.894833948339482,1.2,-106,6.890774907749078
51,Doron Lamb,ORL,2014,9,33.33333333333333,8.0,1.4444444444444444,0.18055555555555555,0.4444444444444444,1.5555555555555556,28.57142857142857,0.3333333333333333,1.2222222222222223,27.27272727272727,0.2222222222222222,0.3333333333333333,66.66666666666666,0.0,0.2222222222222222,0.2222222222222222,0.7777777777777778,0.4444444444444444,1.75,0.0,0.0,0.39285714285714285,0.42428198433420367,96.44931506849315,108.87123287671233,-12.421917808219177,0.3333333333333333,-14,0.31095890410958915
52,Chris Copeland,IND,2014,11,81.81818181818183,6.7272727272727275,3.0,0.44594594594594594,1.0,2.727272727272727,36.666666666666664,0.8181818181818182,2.1818181818181817,37.5,0.18181818181818182,0.18181818181818182,100.0,0.0,0.2727272727272727,0.2727272727272727,0.36363636363636365,0.09090909090909091,4.0,0.09090909090909091,0.18181818181818182,0.5166666666666667,0.5343264248704663,107.096,112.99066666666667,-5.894666666666666,0.8181818181818182,-2,3.4386666666666663
53,Donald Sloan,IND,2014,10,90.0,8.5,2.8,0.32941176470588235,1.0,2.2,45.45454545454545,0.3,1.1,27.27272727272727,0.5,0.7,71.42857142857143,0.1,1.5,1.6,1.2,0.4,3.0,0.5,0.0,0.5227272727272727,0.5582137161084529,93.46395348837208,95.50813953488372,-2.0441860465116406,0.6,0,14.224418604651163
54,Solomon Hill,IND,2014,16,81.25,9.125,1.5,0.1643835616438356,0.5,1.5,33.33333333333333,0.25,1.0625,23.52941176470588,0.25,0.3125,80.0,0.5,1.125,1.625,0.5625,0.5,1.125,0.125,0.125,0.4166666666666667,0.4580152671755725,98.24761904761905,101.74693877551019,-3.499319727891134,0.6875,0,5.808163265306122
55,Jermaine O'Neal,GSW,2014,17,58.82352941176471,18.58823529411765,6.235294117647059,0.33544303797468356,2.235294117647059,4.647058823529412,48.10126582278481,0.0,0.0,,1.7647058823529411,2.3529411764705883,75.0,1.3529411764705883,3.176470588235294,4.529411764705882,0.29411764705882354,1.3529411764705883,0.21739130434782608,0.47058823529411764,0.8235294117647058,0.4810126582278481,0.5486542443064183,103.694952681388,99.71608832807571,3.9788643533122894,2.411764705882353,21,6.9962145110410106
56,Anthony Tolliver,CHA,2014,16,43.75,15.4375,3.0,0.19433198380566802,0.9375,2.875,32.608695652173914,0.875,2.3125,37.83783783783784,0.25,0.25,100.0,0.375,1.875,2.25,0.8125,0.5,1.625,0.25,0.25,0.4782608695652174,0.5025125628140704,99.24453441295547,100.81538461538462,-1.570850202429142,1.5625,-5,3.6064777327935222
57,Evan Fournier,DEN,2014,20,65.0,12.15,4.0,0.3292181069958848,1.5,4.05,37.03703703703704,0.5,1.5,33.33333333333333,0.5,0.85,58.82352941176471,0.3,1.15,1.45,0.8,0.7,1.1428571428571428,0.1,0.15,0.43209876543209874,0.4520795660036166,98.69756097560976,94.39268292682927,4.304878048780495,1.7,17,1.5922764227642274
58,Ronnie Price,ORL,2014,15,33.33333333333333,11.2,2.0,0.17857142857142858,0.7333333333333333,2.3333333333333335,31.428571428571427,0.3333333333333333,1.2,27.77777777777778,0.2,0.3333333333333333,60.0,0.4,1.4,1.8,1.6666666666666667,0.5333333333333333,3.125,0.8,0.13333333333333333,0.38571428571428573,0.4032258064516129,98.35502958579882,97.30828402366865,1.0467455621301696,1.2666666666666666,10,8.601775147928995
59,Anthony Randolph,DEN,2014,8,62.5,13.5,4.75,0.35185185185185186,1.5,3.875,38.70967741935484,0.25,1.0,25.0,1.5,1.875,80.0,0.75,2.75,3.5,0.625,1.25,0.5,0.75,0.625,0.41935483870967744,0.5053191489361702,94.42935779816516,98.95229357798166,-4.522935779816507,1.875,-9,10.357798165137615
60,Steve Blake,LAL,2014,21,47.61904761904761,31.761904761904763,9.761904761904763,0.3073463268365817,3.4285714285714284,8.619047619047619,39.77900552486188,1.9047619047619047,4.761904761904762,40.0,1.0,1.2380952380952381,80.76923076923077,0.19047619047619047,3.0952380952380953,3.2857142857142856,7.714285714285714,2.4761904761904763,3.1153846153846154,0.9047619047619048,0.047619047619047616,0.5082872928176796,0.5326335481188942,97.8321375186846,106.95680119581465,-9.124663677130044,1.6666666666666667,-126,10.003736920777278
61,Tony Mitchell,DET,2014,9,44.44444444444444,3.888888888888889,1.0,0.2571428571428571,0.3333333333333333,0.5555555555555556,60.0,0.1111111111111111,0.1111111111111111,100.0,0.2222222222222222,0.6666666666666666,33.33333333333333,0.7777777777777778,0.4444444444444444,1.2222222222222223,0.1111111111111111,0.2222222222222222,0.5,0.1111111111111111,0.2222222222222222,0.7,0.5890052356020942,80.44,91.22285714285714,-10.78285714285714,0.2222222222222222,-7,-20.728571428571428
62,Raymond Felton,NYK,2014,16,31.25,32.5,10.3125,0.3173076923076923,4.1875,10.625,39.411764705882355,1.0625,3.8125,27.86885245901639,0.875,1.125,77.77777777777779,0.8125,1.625,2.4375,5.1875,2.0,2.59375,0.9375,0.625,0.4441176470588235,0.46369154676258995,101.83730769230769,104.73326923076924,-2.895961538461549,2.5,-37,7.524423076923077
63,Gigi Datome,DET,2014,13,38.46153846153847,6.538461538461538,2.4615384615384617,0.3764705882352941,1.0,3.3076923076923075,30.23255813953488,0.3076923076923077,1.7692307692307692,17.391304347826086,0.15384615384615385,0.15384615384615385,100.0,0.23076923076923078,0.8461538461538461,1.0769230769230769,0.15384615384615385,0.3076923076923077,0.5,0.15384615384615385,0.07692307692307693,0.3488372093023256,0.3646308113035551,103.30823529411765,89.66705882352942,13.641176470588235,0.9230769230769231,22,12.56235294117647
64,Shabazz Muhammad,MIN,2014,8,50.0,4.25,1.0,0.23529411764705882,0.25,1.625,15.384615384615385,0.125,0.375,33.33333333333333,0.375,0.5,75.0,0.375,0.625,1.0,0.0,0.25,0.0,0.0,0.0,0.19230769230769232,0.2710027100271003,70.70571428571427,93.16857142857143,-22.46285714285716,0.25,-17,-0.5828571428571436
65,Charlie Villanueva,DET,2014,7,28.57142857142857,8.571428571428571,5.285714285714286,0.6166666666666667,2.142857142857143,4.571428571428571,46.875,1.0,3.0,33.33333333333333,0.0,0.0,,0.14285714285714285,1.1428571428571428,1.2857142857142858,0.2857142857142857,0.14285714285714285,2.0,0.2857142857142857,0.2857142857142857,0.578125,0.578125,103.07,124.44666666666667,-21.37666666666668,0.2857142857142857,-23,13.533333333333331
66,Julyan Stone,TOR,2014,12,33.33333333333333,7.416666666666667,1.5,0.20224719101123595,0.5833333333333334,1.25,46.666666666666664,0.16666666666666666,0.5833333333333334,28.57142857142857,0.16666666666666666,0.25,66.66666666666666,0.08333333333333333,0.5,0.5833333333333334,0.8333333333333334,0.25,3.3333333333333335,0.08333333333333333,0.0,0.5333333333333333,0.5514705882352942,85.06741573033707,117.37415730337078,-32.306741573033705,0.75,-54,3.7449438202247194
67,Sergey Karasev,CLE,2014,12,16.666666666666664,9.0,2.4166666666666665,0.26851851851851855,0.6666666666666666,2.0833333333333335,32.0,0.3333333333333333,1.1666666666666667,28.57142857142857,0.75,0.8333333333333334,90.0,0.0,1.0833333333333333,1.0833333333333333,0.3333333333333333,0.5833333333333334,0.5714285714285714,0.16666666666666666,0.08333333333333333,0.4,0.4931972789115647,86.57037037037038,101.53148148148148,-14.961111111111094,1.0833333333333333,-34,2.430555555555556
68,Tyler Zeller,CLE,2014,14,28.57142857142857,7.428571428571429,2.2857142857142856,0.3076923076923077,0.8571428571428571,1.6428571428571428,52.17391304347826,0.0,0.0,,0.5714285714285714,0.7142857142857143,80.0,0.5,1.2857142857142858,1.7857142857142858,0.14285714285714285,0.42857142857142855,0.3333333333333333,0.14285714285714285,0.21428571428571427,0.5217391304347826,0.5839416058394161,89.19134615384614,111.32499999999999,-22.133653846153848,1.0714285714285714,-40,2.623076923076921
69,AJ Price,MIN,2014,9,55.55555555555556,4.777777777777778,1.3333333333333333,0.27906976744186046,0.5555555555555556,1.5555555555555556,35.714285714285715,0.2222222222222222,0.8888888888888888,25.0,0.0,0.0,,0.0,0.5555555555555556,0.5555555555555556,0.5555555555555556,0.4444444444444444,1.25,0.0,0.0,0.42857142857142855,0.42857142857142855,84.77727272727275,83.33636363636363,1.4409090909091162,0.3333333333333333,-1,28.515909090909087
70,Dirk Nowitzki,DAL,2014,23,56.52173913043478,32.65217391304348,21.130434782608695,0.6471371504660453,7.608695652173913,15.478260869565217,49.157303370786515,1.565217391304348,3.6956521739130435,42.35294117647059,4.3478260869565215,4.695652173913044,92.5925925925926,0.391304347826087,5.565217391304348,5.956521739130435,2.8260869565217392,1.6521739130434783,1.7105263157894737,1.0869565217391304,0.7391304347826086,0.5421348314606742,0.6022006344171293,106.22077230359521,99.84380825565914,6.37696404793607,2.217391304347826,104,15.906125166444738
71,MarShon Brooks,BOS,2014,8,25.0,6.375,2.875,0.45098039215686275,0.875,2.25,38.88888888888889,0.125,0.25,50.0,1.0,1.25,80.0,0.125,1.0,1.125,0.375,0.75,0.5,0.125,0.0,0.4166666666666667,0.5133928571428572,90.43921568627451,84.97058823529413,5.468627450980378,0.375,5,6.409803921568627
72,Jamaal Franklin,MEM,2014,9,33.33333333333333,8.555555555555555,2.4444444444444446,0.2857142857142857,1.0,2.2222222222222223,45.0,0.2222222222222222,0.4444444444444444,50.0,0.2222222222222222,0.2222222222222222,100.0,0.2222222222222222,1.4444444444444444,1.6666666666666667,0.2222222222222222,0.4444444444444444,0.5,0.3333333333333333,0.1111111111111111,0.5,0.5268199233716475,108.15194805194804,95.85974025974025,12.29220779220779,1.2222222222222223,16,-0.9935064935064937
73,Samuel Dalembert,DAL,2014,23,56.52173913043478,22.347826086956523,6.695652173913044,0.29961089494163423,2.5652173913043477,4.565217391304348,56.19047619047619,0.0,0.043478260869565216,0.0,1.565217391304348,2.0,78.26086956521739,2.260869565217391,4.260869565217392,6.521739130434782,0.4782608695652174,1.0869565217391304,0.44,0.6956521739130435,1.3478260869565217,0.5619047619047619,0.6148195464707762,105.18599221789886,104.15992217898834,1.0260700389105182,2.608695652173913,11,9.5215953307393
74,Peyton Siva,DET,2014,13,46.15384615384615,5.6923076923076925,0.3076923076923077,0.05405405405405406,0.15384615384615385,0.6153846153846154,25.0,0.0,0.15384615384615385,0.0,0.0,0.0,,0.07692307692307693,0.5384615384615384,0.6153846153846154,0.6153846153846154,1.0,0.6153846153846154,0.23076923076923078,0.07692307692307693,0.25,0.25,86.55,91.93157894736842,-5.381578947368425,0.8461538461538461,-14,-3.0921052631578947
75,Rudy Gobert,UTA,2014,17,11.76470588235294,10.764705882352942,2.235294117647059,0.20765027322404372,0.7058823529411765,1.7647058823529411,40.0,0.0,0.0,,0.8235294117647058,1.9411764705882353,42.42424242424242,1.7058823529411764,2.8823529411764706,4.588235294117647,0.17647058823529413,1.1176470588235294,0.15789473684210525,0.23529411764705882,0.8235294117647058,0.4,0.426774483378257,93.79617486338798,95.05409836065576,-1.2579234972677824,1.8235294117647058,-2,5.609289617486339
76,Brook Lopez,BKN,2014,15,46.666666666666664,30.466666666666665,20.533333333333335,0.6739606126914661,7.533333333333333,13.266666666666667,56.78391959798995,0.0,0.06666666666666667,0.0,5.466666666666667,6.6,82.82828282828282,2.3333333333333335,3.6666666666666665,6.0,0.8666666666666667,1.4666666666666666,0.5909090909090909,0.4666666666666667,1.9333333333333333,0.5678391959798995,0.6348944591029023,101.45470459518599,103.93916849015316,-2.4844638949671776,2.8666666666666667,-22,16.888621444201313
77,Jeremy Lin,HOU,2014,18,66.66666666666666,28.666666666666668,14.333333333333334,0.5,4.5,9.055555555555555,49.693251533742334,1.3333333333333333,3.5555555555555554,37.5,4.0,5.0,80.0,0.16666666666666666,2.2777777777777777,2.4444444444444446,4.166666666666667,2.8333333333333335,1.4705882352941178,1.1666666666666667,0.4444444444444444,0.5705521472392638,0.6367226061204344,105.55356454720616,105.20693641618499,0.34662813102117696,2.3333333333333335,3,13.310019267822737
78,Kirk Hinrich,CHI,2014,21,42.857142857142854,32.23809523809524,8.571428571428571,0.2658788774002954,2.761904761904762,8.19047619047619,33.72093023255814,1.0952380952380953,3.761904761904762,29.11392405063291,1.9523809523809523,2.380952380952381,82.0,0.42857142857142855,2.761904761904762,3.1904761904761907,5.190476190476191,2.2857142857142856,2.2708333333333335,1.2380952380952381,0.3333333333333333,0.40406976744186046,0.4639175257731959,98.94329896907217,101.11163475699557,-2.1683357879233967,3.0476190476190474,-28,7.062150220913108
79,Kenyon Martin,NYK,2014,19,31.57894736842105,19.57894736842105,3.789473684210526,0.1935483870967742,1.6842105263157894,3.3157894736842106,50.79365079365079,0.0,0.05263157894736842,0.0,0.42105263157894735,0.7894736842105263,53.333333333333336,1.105263157894737,3.210526315789474,4.315789473684211,1.6842105263157894,0.5789473684210527,2.909090909090909,1.0,0.8947368421052632,0.5079365079365079,0.5172413793103449,106.63736559139782,101.56424731182794,5.073118279569883,2.4210526315789473,30,9.145698924731184
80,Perry Jones III,OKC,2014,15,73.33333333333333,9.666666666666666,4.0,0.41379310344827586,1.6666666666666667,2.933333333333333,56.81818181818182,0.4,0.8,50.0,0.26666666666666666,0.6666666666666666,40.0,0.5333333333333333,1.4666666666666666,2.0,0.3333333333333333,0.4666666666666667,0.7142857142857143,0.2,0.4,0.6363636363636364,0.6198347107438017,105.03034482758623,90.62758620689657,14.402758620689667,0.5333333333333333,40,12.864137931034483
81,Cartier Martin,ATL,2014,23,52.17391304347826,18.26086956521739,6.913043478260869,0.37857142857142856,2.260869565217391,5.6521739130434785,40.0,1.391304347826087,3.4782608695652173,40.0,1.0,1.2173913043478262,82.14285714285714,0.13043478260869565,1.9565217391304348,2.0869565217391304,0.7391304347826086,0.8260869565217391,0.8947368421052632,0.5652173913043478,0.17391304347826086,0.5230769230769231,0.5586003372681282,96.35,100.89833333333331,-4.548333333333318,1.6521739130434783,-40,6.970238095238095
82,Jeff Adrien,CHA,2014,17,47.05882352941176,12.588235294117647,2.823529411764706,0.22429906542056074,1.0588235294117647,2.0,52.94117647058824,0.0,0.0,,0.7058823529411765,1.1764705882352942,60.0,1.7647058823529411,2.5294117647058822,4.294117647058823,0.23529411764705882,0.17647058823529413,1.3333333333333333,0.29411764705882354,0.7058823529411765,0.5294117647058824,0.5607476635514019,96.5056074766355,94.95934579439252,1.546261682242985,1.5294117647058822,-2,12.603271028037383
83,Hasheem Thabeet,OKC,2014,4,50.0,7.75,1.5,0.1935483870967742,0.75,1.5,50.0,0.0,0.0,,0.0,0.25,0.0,1.0,1.75,2.75,0.25,0.5,0.5,0.0,0.0,0.5,0.4658385093167702,95.60625,116.7875,-21.18124999999999,1.75,-14,2.9843749999999996
84,Chris Kaman,LAL,2014,13,38.46153846153847,16.923076923076923,8.307692307692308,0.4909090909090909,3.8461538461538463,7.6923076923076925,50.0,0.0,0.0,,0.6153846153846154,0.8461538461538461,72.72727272727273,1.4615384615384615,3.6153846153846154,5.076923076923077,1.0769230769230769,1.8461538461538463,0.5833333333333334,0.3076923076923077,0.7692307692307693,0.5,0.5150705837466616,94.36590909090908,100.95454545454545,-6.588636363636368,2.3076923076923075,-31,10.813636363636363
85,Viacheslav Kravtsov,PHX,2014,10,60.0,3.1,0.6,0.1935483870967742,0.2,0.4,50.0,0.0,0.0,,0.2,0.4,50.0,0.4,0.2,0.6,0.0,0.4,0.0,0.0,0.0,0.5,0.5208333333333334,84.73548387096774,127.24193548387098,-42.506451612903234,0.6,-30,-4.412903225806452
86,Hilton Armstrong,GSW,2014,2,50.0,5.5,1.0,0.18181818181818182,0.5,0.5,100.0,0.0,0.0,,0.0,1.0,0.0,1.0,2.0,3.0,0.0,0.0,,0.0,0.5,1.0,0.5319148936170213,102.75454545454546,70.75454545454545,32.000000000000014,0.5,9,12.463636363636365
87,Reggie Evans,BKN,2014,17,23.52941176470588,13.647058823529411,2.235294117647059,0.16379310344827586,0.6470588235294118,1.7647058823529411,36.666666666666664,0.0,0.0,,0.9411764705882353,1.6470588235294117,57.14285714285714,1.411764705882353,3.2941176470588234,4.705882352941177,0.11764705882352941,1.1176470588235294,0.10526315789473684,0.17647058823529413,0.11764705882352941,0.36666666666666664,0.44896030245746693,100.6271551724138,106.13362068965516,-5.506465517241367,1.8823529411764706,-22,3.3547413793103447
88,Tyreke Evans,NOP,2014,21,52.38095238095239,24.19047619047619,11.619047619047619,0.48031496062992124,4.238095238095238,10.238095238095237,41.3953488372093,0.09523809523809523,0.9523809523809523,10.0,3.0476190476190474,3.857142857142857,79.01234567901234,0.7619047619047619,3.5238095238095237,4.285714285714286,3.4285714285714284,2.0,1.7142857142857142,1.2857142857142858,0.3333333333333333,0.4186046511627907,0.48675390999042456,107.94212598425199,106.73917322834649,1.2029527559054998,2.238095238095238,8,10.583858267716534
89,Jason Maxiell,ORL,2014,19,31.57894736842105,16.94736842105263,4.368421052631579,0.2577639751552795,1.9473684210526316,4.0,48.68421052631579,0.0,0.0,,0.47368421052631576,1.0,47.368421052631575,0.8421052631578947,1.894736842105263,2.736842105263158,0.21052631578947367,0.3684210526315789,0.5714285714285714,0.21052631578947367,0.6842105263157895,0.4868421052631579,0.4919393077287814,101.88858024691359,112.47314814814813,-10.584567901234536,1.6842105263157894,-60,4.212962962962963
90,Aaron Gray,SAC,2014,5,40.0,6.4,2.4,0.375,1.0,1.8,55.55555555555556,0.0,0.0,,0.4,0.8,50.0,1.8,1.6,3.4,0.6,1.0,0.6,0.0,0.0,0.5555555555555556,0.5576208178438662,113.91818181818184,114.05757575757576,-0.1393939393939263,1.6,-3,5.154545454545454
91,Andre Roberson,OKC,2014,9,88.88888888888889,10.333333333333334,1.7777777777777777,0.17204301075268819,0.6666666666666666,1.3333333333333333,50.0,0.1111111111111111,0.4444444444444444,25.0,0.3333333333333333,0.4444444444444444,75.0,1.3333333333333333,1.2222222222222223,2.5555555555555554,0.2222222222222222,0.7777777777777778,0.2857142857142857,0.3333333333333333,0.2222222222222222,0.5416666666666666,0.5813953488372093,101.81935483870967,96.38817204301075,5.431182795698916,1.5555555555555556,7,4.29247311827957
92,Anderson Varejao,CLE,2014,23,39.130434782608695,29.130434782608695,8.434782608695652,0.28955223880597014,3.4782608695652173,6.869565217391305,50.63291139240506,0.0,0.17391304347826086,0.0,1.4782608695652173,2.0869565217391304,70.83333333333334,2.608695652173913,5.913043478260869,8.521739130434783,2.260869565217391,0.9565217391304348,2.3636363636363638,1.1304347826086956,0.7391304347826086,0.5063291139240507,0.5415364001786511,101.87776119402984,102.5265671641791,-0.6488059701492546,2.3043478260869565,-18,13.10268656716418
93,Josh McRoberts,CHA,2014,23,39.130434782608695,29.043478260869566,8.391304347826088,0.28892215568862273,3.217391304347826,7.478260869565218,43.02325581395349,1.1304347826086956,3.391304347826087,33.33333333333333,0.8260869565217391,1.3043478260869565,63.33333333333333,1.3478260869565217,4.3478260869565215,5.695652173913044,4.086956521739131,1.173913043478261,3.4814814814814814,1.0,0.5217391304347826,0.5058139534883721,0.5210583153347732,99.72574850299402,97.82949101796409,1.8962574850299347,2.608695652173913,14,11.346706586826347
94,DeMar DeRozan,TOR,2014,22,40.909090909090914,38.40909090909091,21.40909090909091,0.557396449704142,7.636363636363637,17.545454545454547,43.523316062176164,1.2272727272727273,3.6818181818181817,33.33333333333333,4.909090909090909,6.090909090909091,80.59701492537313,0.45454545454545453,3.3636363636363638,3.8181818181818183,3.227272727272727,2.227272727272727,1.4489795918367347,1.0454545454545454,0.5,0.47020725388601037,0.5292610571736786,104.04539007092197,102.96359338061465,1.0817966903073142,2.1818181818181817,17,11.317612293144208
95,CJ Miles,CLE,2014,19,47.368421052631575,18.05263157894737,8.368421052631579,0.46355685131195334,3.1578947368421053,7.7368421052631575,40.816326530612244,1.368421052631579,4.0,34.21052631578947,0.6842105263157895,0.7368421052631579,92.85714285714286,0.3684210526315789,1.631578947368421,2.0,1.0526315789473684,0.8947368421052632,1.1764705882352942,0.8421052631578947,0.42105263157894735,0.4965986394557823,0.5190650300339514,98.45655976676386,100.05568513119536,-1.5991253644315009,1.894736842105263,-7,9.983090379008747
96,Amir Johnson,TOR,2014,22,40.909090909090914,29.136363636363637,11.772727272727273,0.4040561622464899,5.090909090909091,8.363636363636363,60.86956521739131,0.2727272727272727,1.0909090909090908,25.0,1.3181818181818181,1.7272727272727273,76.31578947368422,2.3636363636363638,4.409090909090909,6.7727272727272725,1.1818181818181819,1.5454545454545454,0.7647058823529411,0.5454545454545454,1.0909090909090908,0.625,0.645177361498605,105.52006220839812,99.90559875583205,5.614463452566071,3.772727272727273,65,11.517262830482114
97,Landry Fields,TOR,2014,18,33.33333333333333,14.333333333333334,3.0,0.20930232558139536,1.1111111111111112,3.111111111111111,35.714285714285715,0.0,0.2777777777777778,0.0,0.7777777777777778,1.2222222222222223,63.63636363636363,0.7777777777777778,2.0,2.7777777777777777,0.9444444444444444,0.3888888888888889,2.4285714285714284,0.3888888888888889,0.1111111111111111,0.35714285714285715,0.41108404384896463,103.93629343629341,104.08339768339768,-0.1471042471042665,1.3333333333333333,-16,6.057915057915058
98,O.J. Mayo,MIL,2014,24,20.833333333333336,30.875,13.916666666666666,0.4507422402159244,5.041666666666667,12.625,39.93399339933993,1.6666666666666667,4.333333333333333,38.46153846153847,2.1666666666666665,2.375,91.22807017543859,0.5416666666666666,2.25,2.7916666666666665,2.7916666666666665,2.4166666666666665,1.1551724137931034,0.625,0.16666666666666666,0.46534653465346537,0.5090221897098269,91.7766846361186,106.00269541778977,-14.226010781671164,2.5833333333333335,-220,7.416442048517521
99,Gal Mekel,DAL,2014,19,57.89473684210527,12.0,3.526315789473684,0.29385964912280704,1.4210526315789473,3.6842105263157894,38.57142857142858,0.2631578947368421,0.8947368421052632,29.411764705882355,0.42105263157894735,0.5263157894736842,80.0,0.10526315789473684,0.8947368421052632,1.0,2.210526315789474,1.263157894736842,1.75,0.21052631578947367,0.05263157894736842,0.42142857142857143,0.45026881720430106,102.41528384279475,100.24890829694323,2.1663755458515226,1.105263157894737,16,4.406986899563319
100,Meyers Leonard,POR,2014,5,60.0,7.4,2.8,0.3783783783783784,0.8,1.6,50.0,0.0,0.0,,1.2,1.2,100.0,1.4,1.0,2.4,0.2,0.2,1.0,0.2,0.2,0.5,0.6578947368421052,110.12432432432433,110.9810810810811,-0.8567567567567664,2.0,-3,5.7027027027027035
101,Earl Clark,CLE,2014,20,35.0,17.6,6.05,0.34375,2.35,5.5,42.72727272727273,1.1,2.5,44.0,0.25,0.5,50.0,0.45,2.7,3.15,0.35,0.8,0.4375,0.55,0.35,0.5272727272727272,0.5288461538461539,95.01079545454547,100.5375,-5.526704545454521,1.6,-36,6.5241477272727275
102,Brandon Knight,MIL,2014,16,18.75,25.9375,11.125,0.42891566265060244,3.75,10.625,35.294117647058826,0.9375,3.125,30.0,2.6875,3.125,86.0,0.4375,2.6875,3.125,3.6875,2.75,1.3409090909090908,0.75,0.0625,0.39705882352941174,0.4635416666666667,94.60987951807228,106.94915662650602,-12.339277108433748,1.6875,-111,8.251084337349397
103,Khris Middleton,MIL,2014,24,20.833333333333336,26.583333333333332,10.625,0.3996865203761755,4.041666666666667,8.75,46.19047619047619,1.2083333333333333,2.5416666666666665,47.540983606557376,1.3333333333333333,1.5,88.88888888888889,0.4583333333333333,3.25,3.7083333333333335,1.5416666666666667,1.25,1.2333333333333334,0.8333333333333334,0.3333333333333333,0.530952380952381,0.5645589798087142,99.53765625000001,102.57953125,-3.0418749999999903,2.625,-49,9.50296875
104,Kyle Lowry,TOR,2014,22,40.909090909090914,36.18181818181818,14.272727272727273,0.3944723618090452,4.7272727272727275,11.363636363636363,41.6,2.0454545454545454,5.863636363636363,34.883720930232556,2.772727272727273,3.409090909090909,81.33333333333333,0.8181818181818182,2.8636363636363638,3.6818181818181817,6.863636363636363,2.272727272727273,3.02,1.7272727272727273,0.13636363636363635,0.506,0.5547703180212014,104.80739348370928,101.43446115288219,3.3729323308270835,3.409090909090909,52,11.253383458646617
105,Miroslav Raduljica,MIL,2014,12,8.333333333333332,8.5,3.5,0.4117647058823529,1.4166666666666667,2.5,56.666666666666664,0.0,0.0,,0.6666666666666666,0.8333333333333334,80.0,1.0833333333333333,0.9166666666666666,2.0,0.6666666666666666,0.4166666666666667,1.6,0.0,0.3333333333333333,0.5666666666666667,0.6104651162790697,100.1116504854369,110.58446601941748,-10.47281553398058,1.4166666666666667,-22,10.228155339805827
106,Bismack Biyombo,CHA,2014,20,45.0,19.4,4.05,0.20876288659793815,1.6,2.3,69.56521739130434,0.0,0.0,,0.85,1.7,50.0,1.6,5.1,6.7,0.1,0.65,0.15384615384615385,0.1,0.9,0.6956521739130435,0.6643700787401575,91.49793814432991,100.31314432989691,-8.815206185567007,1.6,-64,13.305154639175253
107,Ersan Ilyasova,MIL,2014,17,17.647058823529413,26.235294117647058,8.058823529411764,0.3071748878923767,3.3529411764705883,8.470588235294118,39.58333333333333,0.47058823529411764,1.9411764705882353,24.242424242424242,0.8823529411764706,1.1764705882352942,75.0,1.3529411764705883,3.2941176470588234,4.647058823529412,1.6470588235294117,1.6470588235294117,1.0,1.1176470588235294,0.17647058823529413,0.4236111111111111,0.4482984293193717,92.68080357142856,101.89263392857143,-9.211830357142873,2.411764705882353,-89,6.5171875
108,Shawn Marion,DAL,2014,24,58.333333333333336,32.083333333333336,11.208333333333334,0.34935064935064936,4.541666666666667,10.208333333333334,44.48979591836735,0.875,2.5833333333333335,33.87096774193548,1.25,1.5833333333333333,78.94736842105263,1.6666666666666667,5.583333333333333,7.25,1.7083333333333333,1.3333333333333333,1.28125,1.25,0.7916666666666666,0.48775510204081635,0.5139079932752559,104.67233766233765,108.24376623376627,-3.571428571428612,1.875,-62,10.269220779220781
109,Tristan Thompson,CLE,2014,23,39.130434782608695,32.43478260869565,11.434782608695652,0.35254691689008044,4.217391304347826,9.73913043478261,43.30357142857143,0.0,0.043478260869565216,0.0,3.0,4.217391304347826,71.1340206185567,3.5652173913043477,6.434782608695652,10.0,0.782608695652174,1.391304347826087,0.5625,0.6521739130434783,0.5217391304347826,0.4330357142857143,0.49310034498275085,98.98838451268357,105.58584779706275,-6.597463284379188,2.0,-90,11.204672897196263
110,Brandan Wright,DAL,2014,1,100.0,19.0,19.0,1.0,9.0,10.0,90.0,0.0,0.0,,1.0,3.0,33.33333333333333,1.0,5.0,6.0,1.0,0.0,inf,0.0,0.0,0.9,0.8392226148409894,135.7,95.2,40.499999999999986,1.0,17,22.6
111,Allen Crabbe,POR,2014,7,71.42857142857143,4.571428571428571,2.7142857142857144,0.59375,0.8571428571428571,1.7142857142857142,50.0,0.5714285714285714,0.7142857142857143,80.0,0.42857142857142855,0.5714285714285714,75.0,0.0,0.14285714285714285,0.14285714285714285,0.42857142857142855,0.42857142857142855,1.0,0.14285714285714285,0.0,0.6666666666666666,0.690406976744186,113.45,107.053125,6.3968750000000085,0.14285714285714285,3,7.990625
112,Jose Calderon,DAL,2014,23,60.86956521739131,30.652173913043477,11.91304347826087,0.38865248226950355,4.260869565217392,9.217391304347826,46.22641509433962,2.652173913043478,5.6521739130434785,46.92307692307692,0.7391304347826086,0.8260869565217391,89.47368421052632,0.2608695652173913,1.6521739130434783,1.9130434782608696,4.478260869565218,1.391304347826087,3.21875,0.8695652173913043,0.043478260869565216,0.6061320754716981,0.6217099292067525,105.38302687411597,106.92857142857143,-1.5455445544554607,1.9565217391304348,-21,9.21895332390382
113,Nate Wolters,MIL,2014,20,20.0,24.5,7.15,0.29183673469387755,2.85,7.2,39.58333333333333,0.1,1.15,8.695652173913043,1.35,1.8,75.0,0.65,2.05,2.7,4.1,1.25,3.28,0.7,0.35,0.4027777777777778,0.44732232232232233,99.94460285132385,96.10610997963339,3.8384928716904625,1.2,35,9.915885947046844
114,Wayne Ellington,DAL,2014,15,46.666666666666664,9.133333333333333,3.066666666666667,0.3357664233576642,1.2,3.2,37.5,0.4,1.4,28.57142857142857,0.26666666666666666,0.3333333333333333,80.0,0.2,0.5333333333333333,0.7333333333333333,0.4,0.13333333333333333,3.0,0.4,0.13333333333333333,0.4375,0.4581673306772908,110.07318840579711,100.97028985507247,9.102898550724646,0.7333333333333333,18,6.040579710144928
115,Byron Mullens,LAC,2014,16,62.5,7.9375,2.9375,0.3700787401574803,1.1875,2.8125,42.22222222222222,0.5,1.8125,27.586206896551722,0.0625,0.25,25.0,0.375,1.0,1.375,0.375,0.5625,0.6666666666666666,0.3125,0.1875,0.5111111111111111,0.5025662959794697,99.53178294573644,112.62093023255815,-13.089147286821714,1.6875,-36,-1.6178294573643415
116,Cody Zeller,CHA,2014,24,41.66666666666667,17.833333333333332,5.25,0.29439252336448596,2.0416666666666665,5.416666666666667,37.69230769230769,0.0,0.0,,1.1666666666666667,1.625,71.7948717948718,1.4166666666666667,2.875,4.291666666666667,1.0,1.25,0.8,0.5,0.4166666666666667,0.3769230769230769,0.4281054634411525,95.1346511627907,100.97116279069768,-5.836511627906972,2.25,-47,5.857441860465116
117,Dion Waiters,CLE,2014,21,38.095238095238095,28.238095238095237,14.380952380952381,0.5092748735244519,5.285714285714286,12.571428571428571,42.04545454545455,1.1904761904761905,3.0952380952380953,38.46153846153847,2.619047619047619,3.8095238095238093,68.75,0.5714285714285714,2.6666666666666665,3.238095238095238,2.380952380952381,2.5238095238095237,0.9433962264150944,1.0,0.2857142857142857,0.4678030303030303,0.5046791443850268,101.44730639730638,105.73737373737374,-4.290067340067367,2.0476190476190474,-37,8.102693602693602
118,Cole Aldrich,NYK,2014,11,45.45454545454545,3.3636363636363638,0.7272727272727273,0.21621621621621623,0.2727272727272727,0.6363636363636364,42.857142857142854,0.0,0.0,,0.18181818181818182,0.18181818181818182,100.0,0.36363636363636365,1.4545454545454546,1.8181818181818181,0.36363636363636365,0.45454545454545453,0.8,0.09090909090909091,0.09090909090909091,0.42857142857142855,0.5076142131979695,105.94999999999999,108.71842105263157,-2.768421052631581,0.2727272727272727,-14,21.073684210526316
119,Will Barton,POR,2014,8,75.0,4.875,1.5,0.3076923076923077,0.625,1.875,33.33333333333333,0.0,0.5,0.0,0.25,0.25,100.0,0.125,0.75,0.875,1.0,0.5,2.0,0.25,0.0,0.3333333333333333,0.3778337531486146,105.23333333333333,97.45384615384616,7.779487179487177,0.625,5,7.392307692307693
120,Jonas Valanciunas,TOR,2014,22,40.909090909090914,27.772727272727273,9.681818181818182,0.3486088379705401,3.9545454545454546,8.272727272727273,47.8021978021978,0.0,0.0,,1.7727272727272727,2.227272727272727,79.59183673469387,2.727272727272727,5.136363636363637,7.863636363636363,0.7727272727272727,1.7727272727272727,0.4358974358974359,0.36363636363636365,1.0454545454545454,0.47802197802197804,0.5231872666535665,100.56323529411765,104.26666666666667,-3.7034313725490193,3.0454545454545454,-42,9.001143790849671
121,Giannis Antetokounmpo,MIL,2014,19,21.052631578947366,18.210526315789473,6.0,0.32947976878612717,2.1578947368421053,4.421052631578948,48.80952380952381,0.3157894736842105,1.105263157894737,28.57142857142857,1.368421052631579,2.1578947368421053,63.41463414634146,1.0526315789473684,2.8421052631578947,3.8947368421052633,1.0526315789473684,0.9473684210526315,1.1111111111111112,0.5263157894736842,0.6842105263157895,0.5238095238095238,0.5586044688357508,97.52097701149425,99.58333333333333,-2.0623563218390757,1.736842105263158,-13,10.755747126436779
122,Daniel Orton,PHI,2014,19,31.57894736842105,10.947368421052632,2.8947368421052633,0.2644230769230769,0.9473684210526315,2.1052631578947367,45.0,0.0,0.0,,1.0,1.3157894736842106,76.0,0.631578947368421,2.0526315789473686,2.6842105263157894,0.6842105263157895,0.8947368421052632,0.7647058823529411,0.2631578947368421,0.5789473684210527,0.45,0.5392156862745098,92.48317307692308,101.42692307692309,-8.943750000000009,1.631578947368421,-36,7.695192307692308
123,Nando De Colo,SAS,2014,9,100.0,8.11111111111111,2.2222222222222223,0.273972602739726,0.8888888888888888,2.111111111111111,42.10526315789473,0.4444444444444444,1.2222222222222223,36.36363636363637,0.0,0.1111111111111111,0.0,0.2222222222222222,1.2222222222222223,1.4444444444444444,1.3333333333333333,1.1111111111111112,1.2,0.5555555555555556,0.0,0.5263157894736842,0.51440329218107,93.83243243243246,117.74459459459459,-23.912162162162133,0.7777777777777778,-32,6.528378378378379
124,Aron Baynes,SAS,2014,13,84.61538461538461,9.461538461538462,3.076923076923077,0.3252032520325203,1.3846153846153846,3.3846153846153846,40.909090909090914,0.0,0.0,,0.3076923076923077,0.38461538461538464,80.0,1.0,1.9230769230769231,2.923076923076923,0.6923076923076923,0.6153846153846154,1.125,0.0,0.0,0.4090909090909091,0.4329004329004329,105.35887096774192,104.02499999999998,1.3338709677419445,1.4615384615384615,3,5.681451612903226
125,Andrew Bynum,CLE,2014,19,42.10526315789473,19.105263157894736,8.31578947368421,0.43526170798898073,3.4210526315789473,7.7894736842105265,43.91891891891892,0.0,0.0,,1.4736842105263157,1.894736842105263,77.77777777777779,2.0,3.0,5.0,1.105263157894737,1.263157894736842,0.875,0.15789473684210525,1.1578947368421053,0.4391891891891892,0.482177734375,94.8978021978022,107.65027472527474,-12.752472527472534,1.1578947368421053,-93,10.811538461538461
126,Nazr Mohammed,CHI,2014,22,40.909090909090914,8.318181818181818,1.2727272727272727,0.15300546448087432,0.5454545454545454,1.5454545454545454,35.294117647058826,0.0,0.0,,0.18181818181818182,0.4090909090909091,44.44444444444444,1.1818181818181819,1.2272727272727273,2.409090909090909,0.3181818181818182,0.6363636363636364,0.5,0.2727272727272727,0.4090909090909091,0.35294117647058826,0.36880927291886195,86.17486338797815,87.13224043715846,-0.9573770491803089,1.1363636363636365,-10,7.397814207650274
127,Dwight Buycks,TOR,2014,12,33.33333333333333,10.166666666666666,3.4166666666666665,0.3360655737704918,1.1666666666666667,3.4166666666666665,34.146341463414636,0.4166666666666667,1.25,33.33333333333333,0.6666666666666666,0.75,88.88888888888889,0.25,1.4166666666666667,1.6666666666666667,0.8333333333333334,0.5,1.6666666666666667,0.5,0.0,0.4024390243902439,0.4559608540925267,106.23170731707316,101.2520325203252,4.9796747967479575,0.8333333333333334,4,7.752032520325204
128,Bernard James,DAL,2014,11,54.54545454545454,7.909090909090909,2.0,0.25287356321839083,0.7272727272727273,1.6363636363636365,44.44444444444444,0.0,0.09090909090909091,0.0,0.5454545454545454,0.6363636363636364,85.71428571428571,0.9090909090909091,1.6363636363636365,2.5454545454545454,0.09090909090909091,0.45454545454545453,0.2,0.09090909090909091,0.36363636363636365,0.4444444444444444,0.5218216318785579,91.02840909090908,100.31363636363638,-9.285227272727298,1.0909090909090908,-8,9.230681818181818
129,Earl Watson,POR,2014,6,83.33333333333334,6.666666666666667,0.3333333333333333,0.05,0.0,0.3333333333333333,0.0,0.0,0.16666666666666666,0.0,0.3333333333333333,0.3333333333333333,100.0,0.16666666666666666,0.3333333333333333,0.5,1.3333333333333333,1.1666666666666667,1.1428571428571428,0.16666666666666666,0.0,0.0,0.3472222222222222,106.3925,101.4725,4.920000000000002,1.3333333333333333,4,-1.5550000000000002
130,Eric Maynor,WAS,2014,20,45.0,9.85,2.6,0.2639593908629442,1.05,3.4,30.88235294117647,0.4,1.15,34.78260869565217,0.1,0.15,66.66666666666666,0.35,0.85,1.2,1.9,0.85,2.235294117647059,0.25,0.05,0.36764705882352944,0.3750721292556261,83.70707070707071,109.1868686868687,-25.479797979797993,0.55,-109,5.358585858585859
131,Shane Larkin,DAL,2014,12,50.0,13.166666666666666,3.5833333333333335,0.2721518987341772,1.4166666666666667,4.333333333333333,32.69230769230769,0.25,1.0833333333333333,23.076923076923077,0.5,0.8333333333333334,60.0,0.25,0.5833333333333334,0.8333333333333334,2.0,1.3333333333333333,1.5,1.25,0.0,0.3557692307692308,0.38120567375886527,102.44905660377357,94.95471698113208,7.4943396226414905,1.0833333333333333,30,2.428930817610063
132,Pero Antic,ATL,2014,14,28.57142857142857,11.714285714285714,3.857142857142857,0.32926829268292684,1.2857142857142858,3.5,36.734693877551024,0.5714285714285714,1.8571428571428572,30.76923076923077,0.7142857142857143,0.9285714285714286,76.92307692307693,0.9285714285714286,1.3571428571428572,2.2857142857142856,0.9285714285714286,0.5,1.8571428571428572,0.21428571428571427,0.2857142857142857,0.4489795918367347,0.493421052631579,101.60548780487802,98.28902439024392,3.3164634146341,1.1428571428571428,23,7.440853658536586
133,Otto Porter Jr.,WAS,2014,4,0.0,12.0,1.0,0.08333333333333333,0.5,2.75,18.181818181818183,0.0,0.5,0.0,0.0,0.0,,1.0,1.25,2.25,0.25,0.25,1.0,0.0,0.0,0.18181818181818182,0.18181818181818182,93.78750000000001,99.025,-5.237499999999997,1.25,-7,-1.4291666666666671
134,Matthew Dellavedova,CLE,2014,16,37.5,13.9375,3.8125,0.273542600896861,1.375,2.8125,48.888888888888886,0.625,1.375,45.45454545454545,0.4375,0.625,70.0,0.3125,1.0625,1.375,1.0,0.5,2.0,0.625,0.0,0.6,0.6174089068825911,111.12466367713004,98.1152466367713,13.009417040358741,1.3125,50,6.230493273542602
135,Tyler Hansbrough,TOR,2014,20,40.0,19.4,6.05,0.3118556701030928,1.6,3.8,42.10526315789473,0.0,0.05,0.0,2.85,3.8,75.0,2.4,3.25,5.65,0.35,0.9,0.3888888888888889,0.45,0.3,0.42105263157894735,0.5528143274853802,104.37660668380464,100.64293059125964,3.7336760925449965,2.45,24,9.498200514138817
136,Greivis Vasquez,TOR,2014,20,35.0,25.0,9.75,0.39,3.6,8.15,44.171779141104295,0.9,2.7,33.33333333333333,1.65,1.75,94.28571428571428,0.25,1.65,1.9,5.15,1.55,3.3225806451612905,0.35,0.05,0.49693251533742333,0.54652466367713,99.64890219560877,106.57325349301396,-6.924351297405195,1.95,-73,10.798802395209577
137,Jeffery Taylor,CHA,2014,23,39.130434782608695,25.17391304347826,8.478260869565217,0.33678756476683935,3.347826086956522,8.869565217391305,37.745098039215684,0.6521739130434783,2.6956521739130435,24.193548387096776,1.1304347826086956,2.0434782608695654,55.319148936170215,0.6521739130434783,1.7826086956521738,2.4347826086956523,0.8260869565217391,0.9130434782608695,0.9047619047619048,0.4782608695652174,0.17391304347826086,0.41421568627450983,0.43395050738828556,95.67086206896552,100.21982758620692,-4.548965517241399,2.4347826086956523,-61,2.5294827586206896
138,John Jenkins,ATL,2014,11,36.36363636363637,12.363636363636363,3.0,0.2426470588235294,1.1818181818181819,3.090909090909091,38.23529411764706,0.36363636363636365,1.5454545454545454,23.52941176470588,0.2727272727272727,0.2727272727272727,100.0,0.09090909090909091,1.4545454545454546,1.5454545454545454,0.8181818181818182,0.8181818181818182,1.0,0.09090909090909091,0.09090909090909091,0.4411764705882353,0.46715741789354476,97.0014705882353,104.95147058823531,-7.950000000000003,0.8181818181818182,-12,4.871323529411765
139,John Salmons,TOR,2014,20,35.0,24.65,5.75,0.2332657200811359,2.25,6.4,35.15625,0.9,2.25,40.0,0.35,0.35,100.0,0.4,2.0,2.4,2.4,0.75,3.2,0.65,0.45,0.421875,0.4386634116570033,101.02819472616633,105.54645030425964,-4.518255578093303,1.75,-42,6.093306288032455
140,Mike James,CHI,2014,7,14.285714285714285,5.285714285714286,0.2857142857142857,0.05405405405405406,0.14285714285714285,1.4285714285714286,10.0,0.0,0.2857142857142857,0.0,0.0,0.0,,0.0,0.42857142857142855,0.42857142857142855,0.8571428571428571,0.14285714285714285,6.0,0.14285714285714285,0.0,0.1,0.1,111.69729729729731,104.2864864864865,7.4108108108108155,1.1428571428571428,-4,-7.108108108108108
141,Luke Ridnour,MIL,2014,14,14.285714285714285,20.142857142857142,5.142857142857143,0.2553191489361702,2.142857142857143,6.142857142857143,34.883720930232556,0.42857142857142855,1.3571428571428572,31.57894736842105,0.42857142857142855,0.7857142857142857,54.54545454545454,0.42857142857142855,1.2857142857142858,1.7142857142857142,3.2857142857142856,1.2857142857142858,2.5555555555555554,1.0,0.07142857142857142,0.38372093023255816,0.3963011889035667,90.53356890459364,106.59363957597174,-16.0600706713781,1.1428571428571428,-91,6.16148409893993
142,Ekpe Udoh,MIL,2014,21,19.047619047619047,22.0,4.666666666666667,0.21212121212121213,1.8571428571428572,4.285714285714286,43.333333333333336,0.0,0.0,,0.9523809523809523,1.6666666666666667,57.14285714285714,1.7142857142857142,2.1904761904761907,3.9047619047619047,0.7619047619047619,1.0476190476190477,0.7272727272727273,0.47619047619047616,1.1904761904761905,0.43333333333333335,0.46489563567362424,98.80905172413793,106.45043103448275,-7.641379310344817,2.5714285714285716,-82,3.238146551724137
143,Terrence Ross,TOR,2014,22,40.909090909090914,20.636363636363637,7.7272727272727275,0.3744493392070485,2.8636363636363638,6.818181818181818,42.0,1.2272727272727273,3.272727272727273,37.5,0.7727272727272727,1.0,77.27272727272727,0.5454545454545454,2.272727272727273,2.8181818181818183,0.7272727272727273,0.9545454545454546,0.7619047619047619,0.5,0.2727272727272727,0.51,0.532314629258517,103.2989010989011,100.46263736263737,2.8362637362637315,1.5454545454545454,13,8.301758241758241
144,Jarrett Jack,CLE,2014,23,39.130434782608695,26.52173913043478,9.91304347826087,0.3737704918032787,3.782608695652174,8.608695652173912,43.93939393939394,0.9565217391304348,2.5217391304347827,37.93103448275862,1.391304347826087,1.608695652173913,86.48648648648648,0.21739130434782608,2.4782608695652173,2.6956521739130435,3.652173913043478,2.0869565217391304,1.75,0.782608695652174,0.391304347826087,0.494949494949495,0.5320141870449878,93.77168576104748,103.64157119476269,-9.869885433715211,1.3043478260869565,-117,10.667921440261868
145,Erik Murphy,CHI,2014,11,45.45454545454545,2.8181818181818183,0.18181818181818182,0.06451612903225806,0.09090909090909091,0.6363636363636364,14.285714285714285,0.0,0.09090909090909091,0.0,0.0,0.0,,0.09090909090909091,0.2727272727272727,0.36363636363636365,0.0,0.18181818181818182,0.0,0.0,0.09090909090909091,0.14285714285714285,0.14285714285714285,53.964516129032255,113.27741935483871,-59.31290322580646,0.2727272727272727,-33,-6.3032258064516125
146,Jared Cunningham,ATL,2014,3,33.33333333333333,3.0,0.0,0.0,0.0,0.0,,0.0,0.0,,0.0,0.0,,0.0,0.3333333333333333,0.3333333333333333,0.3333333333333333,0.3333333333333333,1.0,0.0,0.0,,,110.48888888888888,107.77777777777777,2.7111111111111086,0.0,1,1.5777777777777775
147,Glen Rice,WAS,2014,11,18.181818181818183,9.909090909090908,2.909090909090909,0.29357798165137616,1.0,3.3636363636363638,29.72972972972973,0.45454545454545453,1.5454545454545454,29.411764705882355,0.45454545454545453,0.6363636363636364,71.42857142857143,0.36363636363636365,1.4545454545454546,1.8181818181818181,0.6363636363636364,0.8181818181818182,0.7777777777777778,0.5454545454545454,0.09090909090909091,0.36486486486486486,0.3992015968063872,91.42752293577982,86.35504587155964,5.07247706422018,0.6363636363636364,13,7.443119266055047
148,Jae Crowder,DAL,2014,24,58.333333333333336,17.833333333333332,5.625,0.31542056074766356,2.125,4.875,43.58974358974359,0.9583333333333334,2.6666666666666665,35.9375,0.4166666666666667,0.5833333333333334,71.42857142857143,0.5,2.0,2.5,1.0416666666666667,0.7083333333333334,1.4705882352941178,0.6666666666666666,0.25,0.5341880341880342,0.5480675544007795,102.2832167832168,91.63053613053614,10.652680652680658,1.2916666666666667,80,8.623776223776224
149,Austin Daye,TOR,2014,6,50.0,4.5,1.0,0.2222222222222222,0.3333333333333333,1.6666666666666667,20.0,0.0,1.0,0.0,0.3333333333333333,0.5,66.66666666666666,0.3333333333333333,0.5,0.8333333333333334,0.3333333333333333,0.0,inf,0.0,0.0,0.2,0.26501766784452296,87.1074074074074,103.84444444444443,-16.73703703703704,0.6666666666666666,-8,-1.5074074074074075
150,Patrick Patterson,TOR,2014,19,36.84210526315789,24.05263157894737,7.105263157894737,0.29540481400437635,2.8947368421052633,6.947368421052632,41.66666666666667,0.5789473684210527,2.210526315789474,26.190476190476193,0.7368421052631579,1.105263157894737,66.66666666666666,1.9473684210526316,3.6842105263157894,5.631578947368421,0.8421052631578947,0.8947368421052632,0.9411764705882353,0.6842105263157895,0.3157894736842105,0.4583333333333333,0.47790994052676294,102.01943231441048,103.84999999999998,-1.8305676855895001,2.210526315789474,-19,7.784497816593886
151,Gary Neal,MIL,2014,20,15.0,21.15,10.5,0.49645390070921985,3.6,9.35,38.50267379679144,1.65,3.7,44.5945945945946,1.65,1.95,84.61538461538461,0.2,1.75,1.95,1.75,1.35,1.2962962962962963,0.15,0.0,0.4732620320855615,0.5143025078369906,93.86052009456266,104.98108747044918,-11.120567375886523,0.9,-96,8.635224586288418
152,Ramon Sessions,CHA,2014,24,41.66666666666667,21.125,10.5,0.4970414201183432,3.25,8.166666666666666,39.795918367346935,0.2916666666666667,1.25,23.333333333333332,3.7083333333333335,4.875,76.06837606837607,0.375,1.5833333333333333,1.9583333333333333,2.7916666666666665,1.75,1.5952380952380953,0.5416666666666666,0.16666666666666666,0.41581632653061223,0.5091320510748344,94.95452755905512,97.6753937007874,-2.720866141732273,0.875,-17,11.171850393700787
153,Chris Singleton,WAS,2014,7,42.857142857142854,15.428571428571429,4.857142857142857,0.3148148148148148,1.5714285714285714,4.571428571428571,34.375,0.7142857142857143,1.7142857142857142,41.66666666666667,1.0,1.2857142857142858,77.77777777777779,1.1428571428571428,2.4285714285714284,3.5714285714285716,0.2857142857142857,1.1428571428571428,0.25,0.7142857142857143,0.2857142857142857,0.421875,0.47274749721913234,86.80462962962963,91.57407407407406,-4.7694444444444315,1.7142857142857142,-15,6.8768518518518515
154,DeJuan Blair,DAL,2014,24,58.333333333333336,21.416666666666668,8.625,0.4027237354085603,3.7916666666666665,7.125,53.216374269005854,0.0,0.08333333333333333,0.0,1.0416666666666667,1.875,55.55555555555556,2.7916666666666665,4.708333333333333,7.5,1.3333333333333333,1.5,0.8888888888888888,1.2916666666666667,0.2916666666666667,0.5321637426900585,0.5424528301886792,103.91165048543688,101.55203883495145,2.3596116504854336,3.6666666666666665,21,11.335728155339805
155,Steve Novak,TOR,2014,15,40.0,13.533333333333333,3.933333333333333,0.29064039408866993,1.2666666666666666,4.0,31.666666666666664,1.1333333333333333,3.2666666666666666,34.69387755102041,0.26666666666666666,0.26666666666666666,100.0,0.2,1.1333333333333333,1.3333333333333333,0.4,0.0,inf,0.26666666666666666,0.0,0.4583333333333333,0.4776554404145078,102.31127450980394,110.35294117647061,-8.041666666666671,0.9333333333333333,-15,4.298529411764705
156,Alonzo Gee,CLE,2014,23,39.130434782608695,19.782608695652176,3.869565217391304,0.1956043956043956,1.5217391304347827,3.5652173913043477,42.68292682926829,0.34782608695652173,1.0434782608695652,33.33333333333333,0.4782608695652174,0.6086956521739131,78.57142857142857,0.5217391304347826,2.1739130434782608,2.6956521739130435,0.6521739130434783,0.9130434782608695,0.7142857142857143,0.8260869565217391,0.17391304347826086,0.47560975609756095,0.5047640653357532,97.16469298245613,107.41337719298245,-10.24868421052632,1.7391304347826086,-106,4.782456140350877
157,Anthony Bennett,CLE,2014,19,42.10526315789473,10.263157894736842,2.1578947368421053,0.21025641025641026,0.8947368421052632,3.3684210526315788,26.5625,0.21052631578947367,1.2105263157894737,17.391304347826086,0.15789473684210525,0.42105263157894735,37.5,0.631578947368421,1.3157894736842106,1.9473684210526316,0.21052631578947367,0.631578947368421,0.3333333333333333,0.42105263157894735,0.10526315789473684,0.296875,0.3036137440758294,94.5974358974359,98.65333333333334,-4.055897435897435,1.4736842105263157,-26,-2.440512820512821
158,Monta Ellis,DAL,2014,24,58.333333333333336,36.416666666666664,20.833333333333332,0.5720823798627003,7.583333333333333,16.208333333333332,46.7866323907455,0.7916666666666666,2.1666666666666665,36.53846153846153,4.875,5.833333333333333,83.57142857142857,0.5,2.875,3.375,5.625,3.4166666666666665,1.646341463414634,1.5833333333333333,0.16666666666666666,0.4922879177377892,0.5548158011540169,105.2272,106.26685714285715,-1.039657142857152,2.5833333333333335,-10,11.276114285714286
159,Ben Gordon,CHA,2014,9,33.33333333333333,16.0,6.222222222222222,0.3888888888888889,2.3333333333333335,6.444444444444445,36.206896551724135,0.2222222222222222,1.4444444444444444,15.384615384615385,1.3333333333333333,1.7777777777777777,75.0,0.1111111111111111,1.6666666666666667,1.7777777777777777,1.6666666666666667,0.7777777777777778,2.142857142857143,0.5555555555555556,0.1111111111111111,0.3793103448275862,0.4305043050430504,98.29236111111112,95.09375000000001,3.1986111111111057,0.7777777777777778,9,8.109722222222222
160,Toure' Murry,NYK,2014,9,44.44444444444444,3.6666666666666665,2.0,0.5454545454545454,0.8888888888888888,2.0,44.44444444444444,0.0,0.0,,0.2222222222222222,0.4444444444444444,50.0,0.1111111111111111,0.3333333333333333,0.4444444444444444,0.3333333333333333,0.4444444444444444,0.75,0.2222222222222222,0.0,0.4444444444444444,0.4554655870445344,98.69999999999999,102.14705882352942,-3.4470588235294315,0.4444444444444444,-7,7.147058823529411
161,Vince Carter,DAL,2014,23,60.86956521739131,24.47826086956522,10.652173913043478,0.4351687388987567,3.8260869565217392,10.043478260869565,38.095238095238095,1.4782608695652173,4.304347826086956,34.34343434343434,1.5217391304347827,1.9130434782608696,79.54545454545455,0.9565217391304348,2.608695652173913,3.5652173913043477,2.6956521739130435,1.3478260869565217,2.0,0.7391304347826086,0.4782608695652174,0.45454545454545453,0.4892954146029717,100.00213143872114,101.80461811722911,-1.8024866785079752,2.391304347826087,-19,8.415452930728241
162,Gerald Henderson,CHA,2014,24,41.66666666666667,32.333333333333336,14.75,0.45618556701030927,5.458333333333333,13.458333333333334,40.55727554179567,0.3333333333333333,1.2916666666666667,25.806451612903224,3.5,4.416666666666667,79.24528301886792,0.7083333333333334,3.875,4.583333333333333,2.5,1.7916666666666667,1.3953488372093024,0.9166666666666666,0.4166666666666667,0.4179566563467492,0.47884428092197817,99.35508365508366,100.3938223938224,-1.0387387387387435,2.25,-27,9.838867438867442
163,Al Jefferson,CHA,2014,15,33.33333333333333,31.4,15.4,0.49044585987261147,6.533333333333333,14.8,44.14414414414414,0.0,0.0,,2.3333333333333335,3.4,68.62745098039215,2.8666666666666667,6.333333333333333,9.2,2.0,1.0,2.0,0.8666666666666667,1.6,0.44144144144144143,0.4725085910652921,98.44512711864408,97.92055084745763,0.5245762711864472,2.6,3,15.14427966101695
164,Kyrie Irving,CLE,2014,23,39.130434782608695,34.47826086956522,20.91304347826087,0.6065573770491803,7.695652173913044,18.73913043478261,41.067285382830626,1.608695652173913,4.956521739130435,32.45614035087719,3.9130434782608696,4.869565217391305,80.35714285714286,0.6521739130434783,2.4347826086956523,3.0869565217391304,5.826086956521739,3.0869565217391304,1.8873239436619718,1.0869565217391304,0.21739130434782608,0.45359628770301624,0.5007495627550596,99.22455919395466,105.23425692695214,-6.009697732997481,2.347826086956522,-92,10.98501259445844
165,John Henson,MIL,2014,24,20.833333333333336,27.541666666666668,11.958333333333334,0.4341906202723147,5.166666666666667,9.833333333333334,52.54237288135594,0.0,0.041666666666666664,0.0,1.625,2.7083333333333335,60.0,2.2083333333333335,5.416666666666667,7.625,1.75,1.5416666666666667,1.135135135135135,0.8333333333333334,2.2083333333333335,0.5254237288135594,0.5423280423280423,95.58383685800602,107.09909365558914,-11.51525679758312,2.375,-147,14.974924471299088
166,Kemba Walker,CHA,2014,24,41.66666666666667,35.125,17.125,0.4875444839857651,6.25,15.75,39.682539682539684,1.3333333333333333,4.291666666666667,31.06796116504854,3.2916666666666665,4.125,79.7979797979798,0.75,3.3333333333333335,4.083333333333333,4.583333333333333,2.4583333333333335,1.8644067796610169,1.4583333333333333,0.5416666666666666,0.43915343915343913,0.4874750925135212,98.22514827995258,99.21221826809014,-0.9870699881375629,1.4166666666666667,-22,12.16536180308422
167,Isaiah Thomas,SAC,2014,22,31.818181818181817,29.727272727272727,18.772727272727273,0.6314984709480123,6.181818181818182,13.090909090909092,47.22222222222222,1.6363636363636365,3.8636363636363638,42.35294117647059,4.7727272727272725,5.454545454545454,87.5,0.8181818181818182,1.6363636363636365,2.4545454545454546,5.363636363636363,2.727272727272727,1.9666666666666666,1.4090909090909092,0.0,0.5347222222222222,0.6059272300469484,106.92328767123287,104.65540334855402,2.267884322678853,2.409090909090909,29,15.729832572298324
168,Jrue Holiday,NOP,2014,22,50.0,34.59090909090909,15.409090909090908,0.4454664914586071,6.318181818181818,13.909090909090908,45.42483660130719,1.0454545454545454,2.590909090909091,40.35087719298245,1.7272727272727273,2.0454545454545454,84.44444444444444,1.0454545454545454,3.3181818181818183,4.363636363636363,8.090909090909092,3.3181818181818183,2.4383561643835616,1.5909090909090908,0.45454545454545453,0.4918300653594771,0.5202578268876611,110.30576671035385,104.66055045871562,5.645216251638232,2.9545454545454546,70,11.518086500655311
169,Stephen Curry,GSW,2014,22,59.09090909090909,37.40909090909091,24.136363636363637,0.6452004860267315,8.272727272727273,18.0,45.95959595959596,3.3181818181818183,7.863636363636363,42.19653179190752,4.2727272727272725,4.863636363636363,87.85046728971963,0.5454545454545454,3.6818181818181817,4.2272727272727275,8.863636363636363,4.2272727272727275,2.096774193548387,1.7727272727272727,0.3181818181818182,0.5517676767676768,0.5992145887875779,111.11721212121209,103.96884848484848,7.148363636363612,2.772727272727273,130,15.128484848484847
170,Mike Conley,MEM,2014,23,43.47826086956522,33.91304347826087,18.17391304347826,0.5358974358974359,6.956521739130435,14.521739130434783,47.90419161676647,1.391304347826087,4.043478260869565,34.40860215053764,2.869565217391304,3.4347826086956523,83.54430379746836,0.391304347826087,1.6521739130434783,2.0434782608695654,6.260869565217392,1.9130434782608696,3.272727272727273,1.2608695652173914,0.2608695652173913,0.5269461077844312,0.5667642911378674,103.75070422535211,106.60845070422536,-2.8577464788732527,2.0869565217391304,-44,13.615620998719592
171,Kevin Durant,OKC,2014,23,82.6086956521739,38.08695652173913,28.52173913043478,0.7488584474885844,8.956521739130435,18.391304347826086,48.69976359338061,1.6956521739130435,4.217391304347826,40.20618556701031,8.91304347826087,10.130434782608695,87.98283261802575,0.8695652173913043,7.391304347826087,8.26086956521739,4.913043478260869,3.4347826086956523,1.4303797468354431,1.5217391304347827,1.0,0.533096926713948,0.6241437052823869,108.1079908675799,99.69874429223744,8.409246575342465,2.0434782608695654,141,19.906849315068488
172,Rudy Gay,SAC,2014,20,35.0,35.6,20.0,0.5617977528089888,7.4,18.35,40.32697547683924,1.15,3.25,35.38461538461539,4.05,5.15,78.64077669902912,1.5,5.45,6.95,2.25,3.25,0.6923076923076923,1.65,1.3,0.43460490463215257,0.48506014745828485,103.20629370629368,102.64265734265736,0.56363636363632,2.6,2,12.041258741258739
173,LaMarcus Aldridge,POR,2014,25,84.0,36.76,23.52,0.6398258977149075,9.68,19.96,48.49699398797595,0.0,0.08,0.0,4.16,5.24,79.38931297709924,2.4,8.48,10.88,2.72,1.96,1.3877551020408163,1.12,0.88,0.4849699398797595,0.528169014084507,113.51228260869566,103.01815217391304,10.494130434782619,1.8,197,16.226195652173914
174,Andrew Bogut,GSW,2014,24,50.0,27.916666666666668,7.625,0.27313432835820894,3.5,5.791666666666667,60.431654676258994,0.0,0.0,,0.625,1.625,38.46153846153847,2.5,7.416666666666667,9.916666666666666,1.7916666666666667,1.8333333333333333,0.9772727272727273,0.75,1.75,0.60431654676259,0.5859375,106.26929955290613,100.8736214605067,5.395678092399436,3.4583333333333335,59,11.822503725782413
175,Russell Westbrook,OKC,2014,20,85.0,32.95,21.0,0.637329286798179,7.4,18.3,40.43715846994536,1.45,4.8,30.208333333333332,4.75,6.05,78.51239669421489,1.1,4.3,5.4,6.65,3.85,1.7272727272727273,2.0,0.1,0.44398907103825136,0.500906402060872,107.63641881638846,103.02154779969652,4.614871016691936,2.15,64,13.398937784522005
176,Zach Randolph,MEM,2014,21,42.857142857142854,32.57142857142857,16.0,0.49122807017543857,6.285714285714286,13.428571428571429,46.808510638297875,0.0,0.23809523809523808,0.0,3.4285714285714284,4.523809523809524,75.78947368421053,2.3333333333333335,7.0476190476190474,9.380952380952381,2.0952380952380953,2.6666666666666665,0.7857142857142857,0.6190476190476191,0.14285714285714285,0.46808510638297873,0.5188387893761581,102.97558479532165,107.28011695906433,-4.304532163742678,2.857142857142857,-57,11.765497076023388
177,Eric Bledsoe,PHX,2014,17,64.70588235294117,34.64705882352941,19.470588235294116,0.5619694397283531,6.705882352941177,13.705882352941176,48.927038626609445,1.2941176470588236,3.7058823529411766,34.92063492063492,4.764705882352941,6.0588235294117645,78.64077669902912,0.47058823529411764,3.823529411764706,4.294117647058823,6.411764705882353,3.5294117647058822,1.8166666666666667,1.7647058823529411,0.29411764705882354,0.5364806866952789,0.5946392641563668,103.23084745762712,104.92084745762713,-1.690000000000012,2.235294117647059,-11,15.459830508474575
178,Ryan Anderson,NOP,2014,13,61.53846153846154,36.38461538461539,21.76923076923077,0.5983086680761099,7.538461538461538,16.76923076923077,44.95412844036697,3.4615384615384617,7.846153846153846,44.11764705882353,3.230769230769231,3.3076923076923075,97.67441860465115,2.6923076923076925,3.1538461538461537,5.846153846153846,0.7692307692307693,0.9230769230769231,0.8333333333333334,0.5384615384615384,0.46153846153846156,0.5527522935779816,0.5972480162080026,113.507805907173,108.61962025316456,4.8881856540084385,2.076923076923077,39,11.754852320675106
179,Jon Leuer,MEM,2014,14,21.428571428571427,19.5,9.357142857142858,0.47985347985347987,3.857142857142857,7.714285714285714,50.0,0.5714285714285714,1.2142857142857142,47.05882352941176,1.0714285714285714,1.2142857142857142,88.23529411764706,1.4285714285714286,3.5,4.928571428571429,0.5714285714285714,0.7142857142857143,0.8,0.42857142857142855,0.42857142857142855,0.5370370370370371,0.5671977831659162,110.38315018315018,111.06043956043953,-0.6772893772893553,1.7857142857142858,-7,12.275824175824175
180,Miles Plumlee,PHX,2014,23,60.86956521739131,27.91304347826087,9.565217391304348,0.3426791277258567,4.260869565217392,8.521739130434783,50.0,0.0,0.0,,1.0434782608695652,2.1739130434782608,48.0,2.4782608695652173,5.956521739130435,8.434782608695652,0.6086956521739131,1.391304347826087,0.4375,0.6086956521739131,1.9565217391304348,0.5,0.5045871559633027,104.1922239502333,103.9611197511664,0.23110419906690538,2.652173913043478,-4,9.904510108864697
181,Mo Williams,POR,2014,24,83.33333333333334,24.833333333333332,9.25,0.3724832214765101,3.7916666666666665,9.083333333333334,41.74311926605505,1.0416666666666667,2.7083333333333335,38.46153846153847,0.625,0.7083333333333334,88.23529411764706,0.5416666666666666,1.4583333333333333,2.0,4.333333333333333,2.25,1.9259259259259258,0.7916666666666666,0.2916666666666667,0.47477064220183485,0.4922831293241086,106.98040201005026,105.520770519263,1.4596314907872596,2.7916666666666665,16,6.777219430485764
182,Timofey Mozgov,DEN,2014,23,60.86956521739131,19.0,8.521739130434783,0.448512585812357,3.0434782608695654,5.739130434782608,53.03030303030303,0.0,0.13043478260869565,0.0,2.4347826086956523,3.391304347826087,71.7948717948718,2.0,4.086956521739131,6.086956521739131,0.43478260869565216,1.565217391304348,0.2777777777777778,0.2608695652173913,1.2608695652173914,0.5303030303030303,0.5892255892255892,102.94589041095891,95.20388127853882,7.742009132420094,2.608695652173913,68,11.248858447488583
183,Randy Foye,DEN,2014,23,60.86956521739131,25.0,9.608695652173912,0.3843478260869565,3.130434782608696,8.304347826086957,37.696335078534034,1.7826086956521738,4.956521739130435,35.96491228070175,1.565217391304348,1.9130434782608696,81.81818181818183,0.08695652173913043,2.130434782608696,2.217391304347826,2.130434782608696,1.2608695652173914,1.6896551724137931,0.7391304347826086,0.5217391304347826,0.48429319371727747,0.525289979083476,106.79669565217392,106.8433043478261,-0.046608695652182064,2.4782608695652173,-3,6.601391304347827
184,Austin Rivers,NOP,2014,15,53.333333333333336,10.733333333333333,3.8666666666666667,0.36024844720496896,1.2,3.2,37.5,0.3333333333333333,0.8,41.66666666666667,1.1333333333333333,1.6666666666666667,68.0,0.4,0.4666666666666667,0.8666666666666667,1.0666666666666667,0.5333333333333333,2.0,0.4,0.06666666666666667,0.4270833333333333,0.4915254237288136,102.45644171779139,109.1883435582822,-6.731901840490806,1.2666666666666666,-19,3.599386503067485
185,Gerald Green,PHX,2014,23,60.86956521739131,26.782608695652176,12.608695652173912,0.4707792207792208,4.434782608695652,10.26086956521739,43.22033898305085,2.260869565217391,6.173913043478261,36.61971830985916,1.4782608695652173,1.8695652173913044,79.06976744186046,0.5217391304347826,2.260869565217391,2.782608695652174,1.391304347826087,1.7391304347826086,0.8,0.5217391304347826,0.4782608695652174,0.5423728813559322,0.5688058998901616,106.4614262560778,105.15478119935169,1.3066450567261114,2.8260869565217392,15,6.747649918962723
186,Tayshaun Prince,MEM,2014,23,43.47826086956522,27.434782608695652,6.260869565217392,0.22820919175911253,2.739130434782609,7.043478260869565,38.88888888888889,0.13043478260869565,0.6521739130434783,20.0,0.6521739130434783,1.0,65.21739130434783,0.391304347826087,2.739130434782609,3.130434782608696,1.565217391304348,0.6956521739130435,2.25,0.5652173913043478,0.21739130434782608,0.39814814814814814,0.41831280501975365,102.68256735340728,103.00000000000001,-0.31743264659273507,0.7391304347826086,5,5.40174326465927
187,Steven Adams,OKC,2014,23,82.6086956521739,16.217391304347824,4.043478260869565,0.24932975871313673,1.391304347826087,2.739130434782609,50.79365079365079,0.0,0.0,,1.2608695652173914,1.9130434782608696,65.9090909090909,2.1739130434782608,2.608695652173913,4.782608695652174,0.8695652173913043,0.9130434782608695,0.9523809523809523,0.43478260869565216,0.9565217391304348,0.5079365079365079,0.5645944633317145,103.06657754010696,102.02994652406417,1.03663101604279,2.739130434782609,4,6.884491978609624
188,P.J. Tucker,PHX,2014,23,60.86956521739131,31.47826086956522,9.347826086956522,0.2969613259668508,3.347826086956522,7.826086956521739,42.77777777777778,1.2173913043478262,2.608695652173913,46.666666666666664,1.434782608695652,2.0,71.73913043478261,2.0434782608695654,3.5217391304347827,5.565217391304348,1.6956521739130435,1.391304347826087,1.21875,1.4782608695652173,0.21739130434782608,0.5055555555555555,0.5368557730723132,105.6777931034483,105.4423448275862,0.2354482758620975,2.4347826086956523,7,8.19848275862069
189,Wesley Matthews,POR,2014,25,84.0,33.8,16.08,0.4757396449704142,5.68,11.24,50.5338078291815,2.56,5.64,45.39007092198582,2.16,2.76,78.26086956521739,0.72,3.48,4.2,1.96,1.28,1.53125,1.0,0.16,0.6192170818505338,0.6455549845837615,112.65914994096813,102.80082644628101,9.858323494687127,1.96,173,10.953246753246754
190,Jason Smith,NOP,2014,22,50.0,28.681818181818183,10.409090909090908,0.3629160063391442,4.545454545454546,9.454545454545455,48.07692307692308,0.0,0.0,,1.3181818181818181,1.7272727272727273,76.31578947368422,1.8636363636363635,4.454545454545454,6.318181818181818,0.7727272727272727,0.8181818181818182,0.9444444444444444,0.45454545454545453,1.1818181818181819,0.4807692307692308,0.5095229619081524,107.86592709984153,103.77147385103014,4.094453248811391,3.272727272727273,31,7.6675118858954034
191,Francisco Garcia,HOU,2014,24,62.5,20.625,6.75,0.32727272727272727,2.4583333333333335,6.375,38.56209150326798,1.5416666666666667,4.458333333333333,34.57943925233645,0.2916666666666667,0.4166666666666667,70.0,0.4583333333333333,2.2083333333333335,2.6666666666666665,1.0833333333333333,0.75,1.4444444444444444,0.6666666666666666,0.8333333333333334,0.5065359477124183,0.5146124523506989,105.00101010101011,101.01373737373737,3.987272727272739,2.0,34,6.123434343434343
192,Jimmer Fredette,SAC,2014,10,40.0,10.5,4.3,0.4095238095238095,1.6,3.8,42.10526315789473,0.5,1.0,50.0,0.6,0.6,100.0,0.2,1.4,1.6,1.1,0.7,1.5714285714285714,0.5,0.0,0.4868421052631579,0.5290354330708661,101.46571428571428,119.06380952380954,-17.598095238095254,0.5,-35,10.00952380952381
193,Kosta Koufos,MEM,2014,23,43.47826086956522,22.26086956521739,7.434782608695652,0.333984375,3.130434782608696,7.173913043478261,43.63636363636363,0.0,0.0,,1.173913043478261,1.6521739130434783,71.05263157894737,2.4347826086956523,4.521739130434782,6.956521739130435,0.782608695652174,1.1304347826086956,0.6923076923076923,0.5217391304347826,1.173913043478261,0.43636363636363634,0.47050407219898743,97.34105058365762,101.4976653696498,-4.156614785992176,2.6956521739130435,-40,9.982684824902721
194,Marcus Thornton,SAC,2014,18,27.77777777777778,24.38888888888889,8.11111111111111,0.3325740318906606,3.0,8.5,35.294117647058826,1.2222222222222223,4.333333333333333,28.205128205128204,0.8888888888888888,1.1111111111111112,80.0,0.7777777777777778,2.1666666666666665,2.9444444444444446,1.0555555555555556,0.4444444444444444,2.375,0.8333333333333334,0.2222222222222222,0.42483660130718953,0.4511742892459827,100.95170842824601,104.16924829157175,-3.21753986332574,1.3888888888888888,-40,6.343280182232347
195,Jeff Withey,NOP,2014,11,45.45454545454545,5.7272727272727275,1.8181818181818181,0.31746031746031744,0.45454545454545453,0.7272727272727273,62.5,0.0,0.0,,0.9090909090909091,1.0909090909090908,83.33333333333334,0.7272727272727273,0.6363636363636364,1.3636363636363635,0.2727272727272727,0.2727272727272727,1.0,0.18181818181818182,0.18181818181818182,0.625,0.753012048192771,94.21428571428571,100.06190476190476,-5.847619047619048,0.6363636363636364,0,15.399999999999999
196,Nate Robinson,DEN,2014,23,60.86956521739131,20.47826086956522,10.956521739130435,0.535031847133758,3.9565217391304346,9.695652173913043,40.80717488789238,1.2608695652173914,3.3043478260869565,38.15789473684211,1.7826086956521738,2.130434782608696,83.6734693877551,0.391304347826087,1.7391304347826086,2.130434782608696,2.608695652173913,1.0869565217391304,2.4,0.8260869565217391,0.13043478260869565,0.4730941704035874,0.5152109911678115,103.14140127388532,92.74777070063698,10.393630573248345,2.130434782608696,98,12.300849256900209
197,Jeremy Lamb,OKC,2014,23,82.6086956521739,20.73913043478261,9.782608695652174,0.4716981132075472,3.9565217391304346,8.130434782608695,48.663101604278076,1.3043478260869565,3.1739130434782608,41.0958904109589,0.5652173913043478,0.5652173913043478,100.0,0.30434782608695654,2.0,2.3043478260869565,1.0869565217391304,0.6086956521739131,1.7857142857142858,0.5652173913043478,0.34782608695652173,0.5668449197860963,0.5837484433374844,109.70690376569038,99.35334728033473,10.353556485355654,2.0434782608695654,100,10.303138075313806
198,James Harden,HOU,2014,21,61.904761904761905,38.95238095238095,24.666666666666668,0.6332518337408313,7.523809523809524,16.857142857142858,44.632768361581924,2.0476190476190474,6.571428571428571,31.15942028985507,7.571428571428571,8.952380952380953,84.57446808510637,1.0,3.619047619047619,4.619047619047619,5.761904761904762,3.857142857142857,1.4938271604938271,1.3333333333333333,0.5238095238095238,0.5070621468926554,0.593057336508518,110.41430317848412,102.73080684596577,7.683496332518345,2.5714285714285716,131,15.912591687041562
199,Klay Thompson,GSW,2014,25,52.0,38.16,20.24,0.5303983228511531,7.4,16.0,46.25,3.24,7.36,44.02173913043478,2.2,2.8,78.57142857142857,0.64,2.64,3.28,2.56,2.04,1.2549019607843137,0.92,0.48,0.56375,0.5872794800371401,107.20010471204186,101.24795811518325,5.952146596858611,3.12,113,8.931727748691099
200,Jordan Hamilton,DEN,2014,21,66.66666666666666,18.333333333333332,8.857142857142858,0.4831168831168831,3.238095238095238,7.476190476190476,43.31210191082803,1.619047619047619,4.0476190476190474,40.0,0.7619047619047619,0.9047619047619048,84.21052631578947,0.6190476190476191,3.4285714285714284,4.0476190476190474,0.9523809523809523,0.9047619047619048,1.0526315789473684,0.8571428571428571,0.23809523809523808,0.5414012738853503,0.5624092888243831,104.57855297157624,101.56046511627905,3.018087855297196,0.8095238095238095,22,14.124289405684753
201,Patrick Beverley,HOU,2014,22,63.63636363636363,32.22727272727273,9.454545454545455,0.2933709449929478,3.4545454545454546,8.5,40.64171122994652,1.5,4.5,33.33333333333333,1.0454545454545454,1.3636363636363635,76.66666666666667,1.5909090909090908,2.5,4.090909090909091,2.272727272727273,1.2727272727272727,1.7857142857142858,1.4090909090909092,0.45454545454545453,0.4946524064171123,0.5194805194805195,108.48321579689704,100.56544428772918,7.9177715091678635,2.8181818181818183,105,6.125811001410437
202,Brian Roberts,NOP,2014,18,44.44444444444444,14.5,5.388888888888889,0.3716475095785441,2.0,4.888888888888889,40.909090909090914,0.7222222222222222,1.8888888888888888,38.23529411764706,0.6666666666666666,0.6666666666666666,100.0,0.1111111111111111,0.8333333333333334,0.9444444444444444,2.1666666666666665,0.5555555555555556,3.9,0.3333333333333333,0.05555555555555555,0.48295454545454547,0.5199399656946827,100.85057471264368,101.5022988505747,-0.6517241379310263,1.8888888888888888,-11,6.199999999999999
203,Nicolas Batum,POR,2014,25,84.0,35.48,13.92,0.3923337091319053,4.96,10.28,48.249027237354085,2.24,5.4,41.48148148148148,1.76,2.28,77.19298245614034,1.44,4.8,6.24,5.4,2.52,2.142857142857143,1.16,0.56,0.5914396887159533,0.6168462847419173,114.15202702702702,102.3831081081081,11.768918918918914,1.96,215,12.311373873873874
204,David Lee,GSW,2014,25,52.0,33.88,17.08,0.5041322314049587,6.52,13.56,48.08259587020649,0.0,0.04,0.0,4.04,4.96,81.45161290322581,2.6,6.92,9.52,2.12,2.32,0.9137931034482759,0.56,0.36,0.4808259587020649,0.5424839922756378,108.18584905660376,101.60117924528302,6.584669811320737,2.72,112,12.40495283018868
205,Wilson Chandler,DEN,2014,17,70.58823529411765,29.0,11.529411764705882,0.3975659229208925,4.294117647058823,9.764705882352942,43.97590361445783,1.588235294117647,4.588235294117647,34.61538461538461,1.3529411764705883,1.8823529411764706,71.875,0.9411764705882353,3.7058823529411766,4.647058823529412,1.7058823529411764,0.9411764705882353,1.8125,1.0,0.7058823529411765,0.5210843373493976,0.5442025766326077,107.07363083164303,106.43894523326573,0.6346855983773025,2.588235294117647,19,9.270182555780933
206,Dwight Howard,HOU,2014,25,64.0,33.56,17.44,0.5196662693682956,5.92,10.4,56.92307692307692,0.04,0.12,33.33333333333333,5.56,9.92,56.048387096774185,3.68,9.52,13.2,1.76,3.24,0.5432098765432098,0.8,1.84,0.5711538461538461,0.5905938448201127,108.29738095238095,104.11988095238095,4.177499999999995,3.64,59,15.36107142857143
207,Jason Thompson,SAC,2014,22,31.818181818181817,22.59090909090909,7.363636363636363,0.32595573440643866,3.0454545454545454,6.454545454545454,47.183098591549296,0.0,0.0,,1.2727272727272727,1.8181818181818181,70.0,1.4545454545454546,3.909090909090909,5.363636363636363,0.9090909090909091,1.2727272727272727,0.7142857142857143,0.18181818181818182,0.6363636363636364,0.47183098591549294,0.5075187969924813,105.05412474849095,107.01690140845069,-1.9627766599597436,3.3636363636363638,-26,6.208249496981892
208,Al-Farouq Aminu,NOP,2014,21,47.61904761904761,24.80952380952381,6.714285714285714,0.2706333973128599,2.857142857142857,6.095238095238095,46.875,0.047619047619047616,0.38095238095238093,12.5,0.9523809523809523,1.8571428571428572,51.28205128205128,2.142857142857143,4.619047619047619,6.761904761904762,1.5714285714285714,0.9523809523809523,1.65,1.2380952380952381,0.6190476190476191,0.47265625,0.48567098374207773,108.30249042145596,104.44942528735632,3.853065134099637,1.5714285714285714,18,9.989080459770113
209,Serge Ibaka,OKC,2014,23,82.6086956521739,33.04347826086956,14.521739130434783,0.4394736842105263,6.130434782608695,12.043478260869565,50.90252707581227,0.13043478260869565,0.5217391304347826,25.0,2.130434782608696,2.6956521739130435,79.03225806451613,2.652173913043478,6.782608695652174,9.434782608695652,1.0,1.5217391304347827,0.6571428571428571,0.34782608695652173,2.391304347826087,0.5144404332129964,0.5488365978703826,107.26741130091986,100.48896189224705,6.778449408672813,2.6956521739130435,105,12.37371879106439
210,Jerryd Bayless,MEM,2014,21,42.857142857142854,20.285714285714285,7.095238095238095,0.34976525821596244,2.4761904761904763,7.238095238095238,34.21052631578947,0.6190476190476191,2.4285714285714284,25.49019607843137,1.5238095238095237,1.9047619047619047,80.0,0.3333333333333333,1.619047619047619,1.9523809523809523,1.8571428571428572,0.7142857142857143,2.6,0.6666666666666666,0.19047619047619047,0.3848684210526316,0.4392688679245283,101.94051522248242,105.09110070257613,-3.15058548009371,2.3333333333333335,-25,4.753629976580797
211,Derek Fisher,OKC,2014,22,86.36363636363636,13.409090909090908,2.8181818181818183,0.21016949152542372,0.9545454545454546,2.8181818181818183,33.87096774193548,0.2727272727272727,1.3636363636363635,20.0,0.6363636363636364,0.6818181818181818,93.33333333333333,0.13636363636363635,1.0909090909090908,1.2272727272727273,1.0909090909090908,0.5,2.1818181818181817,0.6363636363636364,0.0,0.3870967741935484,0.45189504373177847,102.79630872483223,94.78758389261748,8.008724832214753,1.5454545454545454,48,3.102348993288591
212,Damian Lillard,POR,2014,25,84.0,35.68,20.08,0.5627802690582959,6.12,15.52,39.43298969072165,2.72,6.72,40.476190476190474,5.12,5.56,92.08633093525181,0.36,3.12,3.48,5.68,2.16,2.6296296296296298,0.76,0.32,0.48195876288659795,0.5588209101433788,112.40582306830906,103.40279955207167,9.003023516237391,2.44,174,11.609630459126537
213,Hamady Ndiaye,SAC,2014,13,38.46153846153847,5.615384615384615,0.46153846153846156,0.0821917808219178,0.23076923076923078,0.6923076923076923,33.33333333333333,0.0,0.0,,0.0,0.07692307692307693,0.0,0.38461538461538464,0.9230769230769231,1.3076923076923077,0.23076923076923078,0.23076923076923078,1.0,0.0,0.3076923076923077,0.3333333333333333,0.31779661016949157,92.24054054054055,101.73378378378378,-9.493243243243228,1.1538461538461537,-27,8.91891891891892
214,Andre Miller,DEN,2014,23,60.86956521739131,20.347826086956523,6.521739130434782,0.32051282051282054,2.4782608695652173,5.3478260869565215,46.34146341463415,0.391304347826087,0.6956521739130435,56.25,1.173913043478261,1.608695652173913,72.97297297297297,0.5652173913043478,2.130434782608696,2.6956521739130435,3.608695652173913,1.2173913043478262,2.9642857142857144,0.5652173913043478,0.17391304347826086,0.5,0.538483630097645,102.6897435897436,97.33867521367523,5.351068376068369,1.0869565217391304,50,12.844230769230768
215,Derrick Williams,SAC,2014,20,45.0,20.75,8.45,0.4072289156626506,3.0,6.9,43.47826086956522,0.4,1.65,24.242424242424242,2.05,2.6,78.84615384615384,0.6,3.1,3.7,0.5,0.85,0.5882352941176471,0.7,0.3,0.463768115942029,0.525236200895077,103.02644230769229,103.54495192307692,-0.5185096153846303,1.35,-9,6.835576923076923
216,Travis Outlaw,SAC,2014,19,36.84210526315789,15.789473684210526,5.7894736842105265,0.36666666666666664,2.0526315789473686,4.684210526315789,43.82022471910113,0.5263157894736842,1.6842105263157894,31.25,1.1578947368421053,1.263157894736842,91.66666666666666,0.8421052631578947,2.473684210526316,3.3157894736842106,0.5789473684210527,0.3684210526315789,1.5714285714285714,0.3684210526315789,0.3684210526315789,0.4943820224719101,0.5524306950582563,103.12259136212624,101.16877076411959,1.9538205980066579,1.5789473684210527,6,12.353488372093024
217,Aaron Brooks,HOU,2014,20,75.0,15.7,7.4,0.4713375796178344,2.65,6.0,44.166666666666664,1.2,2.6,46.15384615384615,0.9,1.05,85.71428571428571,0.45,1.0,1.45,1.85,1.45,1.2758620689655173,0.9,0.1,0.5416666666666666,0.5725781491798204,102.55664556962029,102.16708860759493,0.3895569620253525,1.5,-3,8.50632911392405
218,Nick Collison,OKC,2014,22,81.81818181818183,17.181818181818183,3.909090909090909,0.2275132275132275,1.4545454545454546,2.909090909090909,50.0,0.045454545454545456,0.2727272727272727,16.666666666666664,0.9545454545454546,1.3181818181818181,72.41379310344827,1.0454545454545454,2.272727272727273,3.3181818181818183,0.9545454545454546,0.9545454545454546,1.0,0.36363636363636365,0.45454545454545453,0.5078125,0.5601875977071391,111.78605263157895,96.45368421052632,15.332368421052635,2.4545454545454546,113,5.033684210526316
219,Ed Davis,MEM,2014,17,35.294117647058826,15.529411764705882,5.882352941176471,0.3787878787878788,2.4705882352941178,4.705882352941177,52.5,0.0,0.0,,0.9411764705882353,1.6470588235294117,57.14285714285714,1.411764705882353,2.588235294117647,4.0,0.5882352941176471,0.5882352941176471,1.0,0.17647058823529413,0.9411764705882353,0.525,0.5415944540727904,93.29624060150377,104.30300751879699,-11.00676691729322,1.8235294117647058,-54,12.759022556390978
220,Markieff Morris,PHX,2014,22,59.09090909090909,25.772727272727273,12.545454545454545,0.48677248677248675,4.7272727272727275,9.545454545454545,49.523809523809526,0.2727272727272727,0.8181818181818182,33.33333333333333,2.8181818181818183,3.590909090909091,78.48101265822784,1.8181818181818181,4.2272727272727275,6.045454545454546,1.7272727272727273,1.8181818181818181,0.95,0.9090909090909091,0.2727272727272727,0.5095238095238095,0.5638176172577218,103.41845342706503,101.65782073813709,1.7606326889279416,2.3636363636363638,20,12.475571177504392
221,Eric Gordon,NOP,2014,22,50.0,32.40909090909091,16.0,0.49368863955119213,5.7727272727272725,13.181818181818182,43.79310344827586,1.5909090909090908,4.045454545454546,39.325842696629216,2.8636363636363638,3.6363636363636362,78.75,0.5,2.227272727272727,2.727272727272727,3.3181818181818183,2.0454545454545454,1.6222222222222222,1.5909090909090908,0.2727272727272727,0.4982758620689655,0.5412054120541205,109.0113445378151,107.54803921568627,1.4633053221288321,1.5454545454545454,7,9.576330532212884
222,Draymond Green,GSW,2014,25,52.0,20.16,5.0,0.24801587301587302,1.8,4.24,42.45283018867924,0.84,2.2,38.18181818181819,0.56,1.12,50.0,0.64,3.68,4.32,1.4,1.08,1.2962962962962963,0.96,0.76,0.5235849056603774,0.5282285327924273,102.12051282051284,93.29368836291916,8.826824457593688,2.4,74,9.63984220907298
223,Marreese Speights,GSW,2014,25,52.0,11.32,4.36,0.38515901060070673,1.68,4.84,34.710743801652896,0.16,0.48,33.33333333333333,0.84,1.04,80.76923076923077,1.4,2.04,3.44,0.48,0.64,0.75,0.08,0.28,0.36363636363636365,0.4115070975536092,86.7937062937063,98.06328671328673,-11.269580419580436,1.48,-73,7.436713286713289
224,Ray McCallum,SAC,2014,4,50.0,2.25,0.5,0.2222222222222222,0.25,1.0,25.0,0.0,0.5,0.0,0.0,0.0,,0.0,0.25,0.25,0.0,0.25,0.0,0.0,0.0,0.25,0.25,109.07777777777778,94.11111111111111,14.966666666666669,0.25,3,-6.277777777777779
225,Tony Allen,MEM,2014,18,44.44444444444444,25.27777777777778,10.0,0.3956043956043956,4.111111111111111,7.833333333333333,52.4822695035461,0.2777777777777778,1.1111111111111112,25.0,1.5,2.111111111111111,71.05263157894737,1.4444444444444444,2.1666666666666665,3.611111111111111,1.9444444444444444,1.7777777777777777,1.09375,2.111111111111111,0.5,0.5425531914893617,0.570631498858737,105.91604395604395,99.24329670329668,6.672747252747271,2.111111111111111,50,10.36021978021978
226,Nick Calathes,MEM,2014,17,29.411764705882355,12.882352941176471,2.5294117647058822,0.1963470319634703,0.9411764705882353,2.4705882352941178,38.095238095238095,0.0,0.23529411764705882,0.0,0.6470588235294118,1.2941176470588236,50.0,0.17647058823529413,1.0,1.1764705882352942,2.588235294117647,1.3529411764705883,1.9130434782608696,0.23529411764705882,0.058823529411764705,0.38095238095238093,0.4160216718266254,97.30502283105024,105.82191780821921,-8.516894977168974,1.4705882352941178,-38,3.3913242009132425
227,Omri Casspi,HOU,2014,24,62.5,21.416666666666668,8.625,0.4027237354085603,3.0833333333333335,6.875,44.84848484848485,1.125,2.9166666666666665,38.57142857142858,1.3333333333333333,1.875,71.11111111111111,0.6666666666666666,3.2916666666666665,3.9583333333333335,1.4166666666666667,1.3333333333333333,1.0625,0.9166666666666666,0.375,0.5303030303030303,0.560064935064935,108.05544747081711,96.67937743190663,11.376070038910484,1.9166666666666667,120,9.948832684824906
228,Archie Goodwin,PHX,2014,22,63.63636363636363,10.636363636363637,3.227272727272727,0.3034188034188034,1.4090909090909092,3.4545454545454546,40.78947368421053,0.09090909090909091,1.0,9.090909090909092,0.3181818181818182,0.5909090909090909,53.84615384615385,0.3181818181818182,1.5,1.8181818181818181,0.36363636363636365,0.9090909090909091,0.4,0.3181818181818182,0.3181818181818182,0.42105263157894735,0.4344101811062164,99.99957805907174,99.63586497890297,0.3637130801687647,0.6818181818181818,0,6.194936708860759
229,Robin Lopez,POR,2014,25,84.0,30.92,9.68,0.3130659767141009,3.88,7.36,52.71739130434783,0.0,0.0,,1.92,2.44,78.68852459016394,4.0,4.64,8.64,0.88,1.04,0.8461538461538461,0.4,1.52,0.5271739130434783,0.5738948966040599,112.6104651162791,104.19625322997416,8.41421188630494,2.64,135,9.209431524547803
230,Chandler Parsons,HOU,2014,23,69.56521739130434,37.17391304347826,17.043478260869566,0.4584795321637427,6.521739130434782,12.782608695652174,51.02040816326531,1.6956521739130435,4.260869565217392,39.795918367346935,2.3043478260869565,3.1739130434782608,72.6027397260274,0.7391304347826086,4.130434782608695,4.869565217391305,3.9130434782608696,2.130434782608696,1.836734693877551,1.2173913043478262,0.5652173913043478,0.576530612244898,0.6010057647491721,109.75542590431738,104.64842473745624,5.107001166861139,2.608695652173913,94,11.954725787631274
231,Thomas Robinson,POR,2014,25,84.0,11.48,5.36,0.46689895470383275,2.12,4.64,45.689655172413794,0.0,0.0,,1.12,1.76,63.63636363636363,1.24,2.32,3.56,0.4,0.68,0.5882352941176471,0.28,0.16,0.45689655172413796,0.4949763593380614,102.92682926829268,109.04668989547038,-6.119860627177701,1.64,-41,8.926829268292684
232,Ronnie Brewer,HOU,2014,10,70.0,4.3,0.3,0.06976744186046512,0.1,0.3,33.33333333333333,0.1,0.3,33.33333333333333,0.0,0.2,0.0,0.1,0.3,0.4,0.5,0.0,inf,0.1,0.0,0.5,0.3865979381443299,93.50681818181818,119.99545454545455,-26.488636363636374,0.1,-27,6.370454545454545
233,DeMarcus Cousins,SAC,2014,21,33.33333333333333,30.571428571428573,22.047619047619047,0.721183800623053,8.19047619047619,16.904761904761905,48.45070422535211,0.0,0.19047619047619047,0.0,5.666666666666667,7.761904761904762,73.00613496932516,2.7142857142857144,8.0,10.714285714285714,2.9047619047619047,3.380952380952381,0.8591549295774648,1.7619047619047619,1.1428571428571428,0.48450704225352115,0.5425103112110986,105.50607476635514,106.10623052959502,-0.6001557632398828,4.095238095238095,-1,18.320716510903424
234,Darius Miller,NOP,2014,3,0.0,4.333333333333333,0.0,0.0,0.0,0.6666666666666666,0.0,0.0,0.6666666666666666,0.0,0.0,0.0,,0.0,0.3333333333333333,0.3333333333333333,0.0,0.0,,0.0,0.0,0.0,0.0,65.36153846153846,141.4076923076923,-76.04615384615383,0.3333333333333333,-17,4.392307692307693
235,Kevin Martin,MIN,2014,23,47.82608695652174,33.78260869565217,20.565217391304348,0.6087516087516087,6.391304347826087,15.73913043478261,40.607734806629836,2.217391304347826,5.434782608695652,40.8,5.565217391304348,6.0,92.7536231884058,0.5217391304347826,2.8260869565217392,3.347826086956522,2.1739130434782608,1.4782608695652173,1.4705882352941178,1.3478260869565217,0.043478260869565216,0.47651933701657456,0.5594719909159727,107.60604890604891,103.3279279279279,4.278120978121009,1.6521739130434783,80,11.071685971685973
236,Marcus Morris Sr.,PHX,2014,23,60.86956521739131,22.956521739130434,10.869565217391305,0.4734848484848485,3.9565217391304346,8.391304347826088,47.15025906735752,1.3043478260869565,3.1739130434782608,41.0958904109589,1.6521739130434783,2.1739130434782608,76.0,1.173913043478261,3.5652173913043477,4.739130434782608,0.9565217391304348,1.2608695652173914,0.7586206896551724,1.0,0.2608695652173913,0.5492227979274611,0.5813953488372093,107.73433962264151,101.34566037735851,6.388679245283001,2.0,77,11.453207547169812
237,Donatas Motiejunas,HOU,2014,12,75.0,7.666666666666667,3.0833333333333335,0.40217391304347827,1.0833333333333333,3.0833333333333335,35.13513513513514,0.16666666666666666,1.1666666666666667,14.285714285714285,0.75,1.4166666666666667,52.94117647058824,0.4166666666666667,1.1666666666666667,1.5833333333333333,0.08333333333333333,0.4166666666666667,0.2,0.08333333333333333,0.25,0.3783783783783784,0.4159172661870503,93.5391304347826,102.41847826086956,-8.879347826086956,1.0,-21,3.568478260869565
238,Kent Bazemore,GSW,2014,20,55.00000000000001,6.15,2.4,0.3902439024390244,0.8,2.05,39.02439024390244,0.25,0.8,31.25,0.55,1.0,55.00000000000001,0.1,0.9,1.0,0.4,0.75,0.5333333333333333,0.3,0.1,0.45121951219512196,0.48192771084337355,72.79444444444445,103.7968253968254,-31.002380952380946,1.0,-84,1.2293650793650794
239,Quincy Acy,SAC,2014,8,37.5,9.375,2.875,0.30666666666666664,1.0,2.0,50.0,0.25,0.625,40.0,0.625,1.0,62.5,0.75,1.5,2.25,0.5,0.25,2.0,0.5,0.5,0.5625,0.5891393442622951,101.17066666666668,111.17066666666666,-9.999999999999986,1.5,-18,10.526666666666667
240,Terrence Jones,HOU,2014,22,68.18181818181817,24.40909090909091,9.681818181818182,0.39664804469273746,3.8636363636363638,7.818181818181818,49.41860465116279,0.5909090909090909,1.6363636363636365,36.11111111111111,1.3636363636363635,2.272727272727273,60.0,1.6818181818181819,4.954545454545454,6.636363636363637,0.9090909090909091,1.0,0.9090909090909091,0.5454545454545454,1.3636363636363635,0.5319767441860465,0.5489690721649485,111.91582867783988,103.95884543761639,7.956983240223494,2.0,91,11.40558659217877
241,Ben McLemore,SAC,2014,22,31.818181818181817,25.136363636363637,8.909090909090908,0.35443037974683544,3.090909090909091,8.863636363636363,34.87179487179487,1.3636363636363635,4.090909090909091,33.33333333333333,1.3636363636363635,1.7272727272727273,78.94736842105263,0.7727272727272727,2.3181818181818183,3.090909090909091,1.0,1.0909090909090908,0.9166666666666666,0.7272727272727273,0.18181818181818182,0.4256410256410256,0.46287549593803134,105.192972972973,109.04810810810811,-3.8551351351351144,2.227272727272727,-40,4.302882882882882
242,Ty Lawson,DEN,2014,21,57.14285714285714,34.142857142857146,18.047619047619047,0.5285913528591353,5.904761904761905,13.619047619047619,43.35664335664335,1.1904761904761905,3.238095238095238,36.76470588235294,5.0476190476190474,6.666666666666667,75.71428571428571,0.7142857142857143,2.857142857142857,3.5714285714285716,7.809523809523809,2.619047619047619,2.981818181818182,1.1428571428571428,0.19047619047619047,0.4772727272727273,0.5451668584579976,106.89122562674095,107.99456824512535,-1.1033426183844028,1.4285714285714286,-8,13.825626740947074
243,Lou Amundson,NOP,2014,15,53.333333333333336,10.466666666666667,2.066666666666667,0.19745222929936307,0.8666666666666667,1.8,48.148148148148145,0.0,0.0,,0.3333333333333333,1.2,27.77777777777778,1.6,1.5333333333333334,3.1333333333333333,0.26666666666666666,0.7333333333333333,0.36363636363636365,0.4666666666666667,0.6666666666666666,0.48148148148148145,0.4438717067583047,97.21910828025479,107.49681528662421,-10.277707006369425,2.6666666666666665,-28,-4.915286624203822
244,Dorell Wright,POR,2014,25,84.0,14.0,5.2,0.37142857142857144,1.72,4.32,39.81481481481482,1.2,3.04,39.473684210526315,0.56,0.76,73.68421052631578,0.4,2.0,2.4,0.68,0.56,1.2142857142857142,0.24,0.16,0.5370370370370371,0.5586112066002062,103.90509915014162,105.05014164305948,-1.1450424929178524,0.8,-16,8.077053824362604
245,Greg Smith,HOU,2014,5,60.0,7.4,3.6,0.4864864864864865,1.8,2.4,75.0,0.0,0.0,,0.0,0.2,0.0,1.6,2.0,3.6,0.0,0.6,0.0,0.0,0.2,0.75,0.7234726688102894,108.23421052631578,115.97368421052633,-7.739473684210552,1.4,-8,12.660526315789475
246,Chauncey Billups,DET,2014,10,30.0,20.4,5.0,0.24509803921568626,1.6,5.0,32.0,0.8,2.8,28.57142857142857,1.0,1.2,83.33333333333334,0.3,1.9,2.2,3.1,1.2,2.5833333333333335,0.5,0.1,0.4,0.45224312590448623,107.05098039215687,107.90098039215685,-0.8499999999999801,1.4,0,6.9230392156862735
247,Joel Freeland,POR,2014,24,87.5,14.416666666666666,3.4166666666666665,0.23699421965317918,1.4166666666666667,3.1666666666666665,44.73684210526316,0.0,0.08333333333333333,0.0,0.5833333333333334,0.6666666666666666,87.5,1.625,1.875,3.5,0.9583333333333334,0.9166666666666666,1.0454545454545454,0.25,0.5833333333333334,0.4473684210526316,0.4937379576107899,106.85632183908048,101.66609195402302,5.190229885057462,1.8333333333333333,44,6.424425287356322
248,Goran Dragic,PHX,2014,20,60.0,34.95,19.1,0.5464949928469242,6.55,13.2,49.621212121212125,1.4,3.65,38.35616438356164,4.6,5.85,78.63247863247864,0.65,2.3,2.95,6.05,2.6,2.326923076923077,1.15,0.3,0.5492424242424242,0.605426651451756,110.50299572039944,103.90927246790301,6.5937232524964315,2.4,97,13.51084165477889
249,Harrison Barnes,GSW,2014,21,47.61904761904761,34.285714285714285,13.571428571428571,0.3958333333333333,5.333333333333333,11.333333333333334,47.05882352941176,1.0,2.4761904761904763,40.38461538461539,1.9047619047619047,2.7142857142857144,70.17543859649122,0.6666666666666666,3.5714285714285716,4.238095238095238,1.9047619047619047,1.5714285714285714,1.2121212121212122,1.1428571428571428,0.19047619047619047,0.5147058823529411,0.5416603314581117,99.38138888888889,102.47208333333333,-3.0906944444444377,2.4761904761904763,-49,8.377083333333335
250,Anthony Morrow,NOP,2014,22,50.0,16.59090909090909,6.590909090909091,0.3972602739726027,2.4545454545454546,5.2727272727272725,46.55172413793103,1.0,2.3636363636363638,42.30769230769231,0.6818181818181818,0.8636363636363636,78.94736842105263,0.22727272727272727,1.1818181818181819,1.4090909090909092,0.5909090909090909,0.5,1.1818181818181819,0.5909090909090909,0.13636363636363635,0.5603448275862069,0.5829848825989064,99.84508196721313,105.51229508196722,-5.667213114754091,1.0909090909090908,-37,7.471857923497268
251,Channing Frye,PHX,2014,23,60.86956521739131,27.304347826086957,10.869565217391305,0.3980891719745223,4.130434782608695,8.782608695652174,47.02970297029702,1.9130434782608696,4.608695652173913,41.509433962264154,0.6956521739130435,0.8695652173913043,80.0,0.8695652173913043,4.304347826086956,5.173913043478261,0.9130434782608695,0.9565217391304348,0.9545454545454546,0.8260869565217391,0.782608695652174,0.5792079207920792,0.5929791271347248,111.78155802861687,102.52209856915738,9.259459459459492,3.260869565217391,116,8.66724960254372
252,Reggie Jackson,OKC,2014,23,82.6086956521739,24.82608695652174,12.173913043478262,0.4903677758318739,4.826086956521739,10.130434782608695,47.63948497854077,0.7391304347826086,2.4782608695652173,29.82456140350877,1.7826086956521738,1.8695652173913044,95.34883720930233,0.391304347826087,3.4782608695652173,3.869565217391304,3.5217391304347827,1.8695652173913044,1.8837209302325582,0.8695652173913043,0.08695652173913043,0.5128755364806867,0.5557319784058431,109.86573426573426,94.54423076923077,15.321503496503496,1.2608695652173914,179,14.18374125874126
253,Kendrick Perkins,OKC,2014,21,90.47619047619048,18.428571428571427,3.1904761904761907,0.1731266149870801,1.2857142857142858,2.6666666666666665,48.214285714285715,0.0,0.0,,0.6190476190476191,0.9523809523809523,65.0,1.1904761904761905,2.380952380952381,3.5714285714285716,1.380952380952381,1.2857142857142858,1.0740740740740742,0.38095238095238093,0.5714285714285714,0.48214285714285715,0.5169753086419754,99.96134020618557,98.29587628865978,1.6654639175257842,2.857142857142857,14,3.6391752577319587
254,Toney Douglas,GSW,2014,11,45.45454545454545,12.454545454545455,5.2727272727272725,0.4233576642335766,1.9090909090909092,4.454545454545454,42.857142857142854,1.2727272727272727,2.909090909090909,43.75,0.18181818181818182,0.18181818181818182,100.0,0.2727272727272727,1.0,1.2727272727272727,1.0909090909090908,0.9090909090909091,1.2,0.2727272727272727,0.0,0.5714285714285714,0.5813953488372092,91.67536231884058,97.39710144927537,-5.721739130434784,1.7272727272727273,-24,5.065942028985508
255,Thabo Sefolosha,OKC,2014,19,78.94736842105263,26.63157894736842,6.368421052631579,0.2391304347826087,2.473684210526316,5.894736842105263,41.964285714285715,0.5789473684210527,2.0526315789473686,28.205128205128204,0.8421052631578947,0.9473684210526315,88.88888888888889,0.9473684210526315,3.210526315789474,4.157894736842105,1.368421052631579,1.105263157894737,1.2380952380952381,1.368421052631579,0.3157894736842105,0.46875,0.5045030020013342,99.80493096646943,99.99408284023669,-0.1891518737672584,1.736842105263158,-2,7.029388560157793
256,JJ Hickson,DEN,2014,23,60.86956521739131,24.652173913043477,10.956521739130435,0.4444444444444444,4.521739130434782,9.08695652173913,49.760765550239235,0.0,0.043478260869565216,0.0,1.9130434782608696,3.4782608695652173,55.00000000000001,2.869565217391304,5.304347826086956,8.173913043478262,1.0869565217391304,1.608695652173913,0.6756756756756757,0.6521739130434783,0.8260869565217391,0.49760765550239233,0.515970515970516,105.05676625659049,107.47855887521969,-2.4217926186291976,2.391304347826087,-43,11.33145869947276
257,Mike Miller,MEM,2014,23,43.47826086956522,23.347826086956523,6.913043478260869,0.29608938547486036,2.4347826086956523,5.478260869565218,44.44444444444444,1.4782608695652173,3.217391304347826,45.94594594594595,0.5652173913043478,0.6521739130434783,86.66666666666667,0.4782608695652174,2.9565217391304346,3.4347826086956523,1.565217391304348,1.0869565217391304,1.44,0.34782608695652173,0.0,0.5793650793650794,0.5995475113122172,99.01542750929367,109.94275092936803,-10.927323420074359,1.7391304347826086,-116,8.538475836431228
258,Darrell Arthur,DEN,2014,23,60.86956521739131,17.91304347826087,5.6521739130434785,0.3155339805825243,2.608695652173913,5.565217391304348,46.875,0.0,0.13043478260869565,0.0,0.43478260869565216,0.5217391304347826,83.33333333333334,0.782608695652174,2.0,2.782608695652174,0.8260869565217391,0.6521739130434783,1.2666666666666666,0.43478260869565216,0.6521739130434783,0.46875,0.4876950780312125,103.80364077669901,94.62791262135921,9.175728155339797,2.347826086956522,74,6.5094660194174745
259,Kenneth Faried,DEN,2014,23,60.86956521739131,24.26086956521739,9.956521739130435,0.4103942652329749,4.173913043478261,7.826086956521739,53.333333333333336,0.0,0.13043478260869565,0.0,1.608695652173913,2.782608695652174,57.8125,3.391304347826087,5.217391304347826,8.608695652173912,0.8260869565217391,1.0869565217391304,0.76,0.6521739130434783,0.782608695652174,0.5333333333333333,0.5500576479631053,105.76779964221825,106.69355992844363,-0.9257602862253833,1.8695652173913044,-12,12.733989266547406
260,Kris Humphries,BOS,2014,19,52.63157894736842,15.210526315789474,5.473684210526316,0.35986159169550175,2.263157894736842,4.2631578947368425,53.086419753086425,0.0,0.05263157894736842,0.0,0.9473684210526315,1.105263157894737,85.71428571428571,1.0526315789473684,3.3684210526315788,4.421052631578948,0.6842105263157895,0.6842105263157895,1.0,0.2631578947368421,0.7894736842105263,0.5308641975308642,0.5762411347517731,107.70824742268039,100.08831615120272,7.619931271477668,1.368421052631579,42,13.356701030927837
261,James Jones,MIA,2014,8,87.5,7.625,3.375,0.4426229508196721,1.0,2.625,38.095238095238095,1.0,2.0,50.0,0.375,0.625,60.0,0.0,0.625,0.625,0.5,0.125,4.0,0.125,0.125,0.5714285714285714,0.5818965517241379,118.49016393442622,100.64262295081967,17.84754098360655,0.0,21,8.326229508196722
262,Shawne Williams,LAL,2014,22,45.45454545454545,18.90909090909091,5.045454545454546,0.2668269230769231,1.8636363636363635,5.090909090909091,36.607142857142854,1.1363636363636365,3.5,32.467532467532465,0.18181818181818182,0.2727272727272727,66.66666666666666,0.7272727272727273,3.1818181818181817,3.909090909090909,0.9090909090909091,0.5909090909090909,1.5384615384615385,0.5909090909090909,0.7727272727272727,0.47767857142857145,0.4841242149337055,104.60072115384618,98.85697115384617,5.743750000000006,2.8181818181818183,41,6.15721153846154
263,Mike Scott,ATL,2014,23,47.82608695652174,13.26086956521739,6.739130434782608,0.5081967213114754,2.5652173913043477,5.565217391304348,46.09375,0.391304347826087,1.434782608695652,27.27272727272727,1.2173913043478262,1.565217391304348,77.77777777777779,0.7391304347826086,2.130434782608696,2.869565217391304,0.6086956521739131,0.8260869565217391,0.7368421052631579,0.2608695652173913,0.043478260869565216,0.49609375,0.5387931034482758,97.64918566775246,111.342996742671,-13.693811074918543,1.4782608695652173,-86,8.594462540716613
264,Mario Chalmers,MIA,2014,22,72.72727272727273,27.227272727272727,8.954545454545455,0.328881469115192,3.0,6.863636363636363,43.70860927152318,1.4545454545454546,3.3636363636363638,43.24324324324324,1.5,2.0454545454545454,73.33333333333333,0.45454545454545453,2.090909090909091,2.5454545454545454,4.7272727272727275,2.090909090909091,2.260869565217391,1.8181818181818181,0.3181818181818182,0.543046357615894,0.5766978922716627,108.49649999999998,102.76416666666665,5.7323333333333295,2.6363636363636362,72,9.027166666666666
265,Danny Green,SAS,2014,24,79.16666666666666,22.208333333333332,7.333333333333333,0.3302063789868668,2.75,6.333333333333333,43.42105263157895,1.5833333333333333,3.8333333333333335,41.30434782608695,0.25,0.25,100.0,0.25,2.7916666666666665,3.0416666666666665,1.2916666666666667,1.0833333333333333,1.1923076923076923,1.1666666666666667,0.8333333333333334,0.5592105263157895,0.5690636316606312,101.32940074906367,90.49232209737829,10.837078651685374,1.2916666666666667,111,9.541947565543069
266,Jimmy Butler,CHI,2014,12,58.333333333333336,30.166666666666668,11.0,0.36464088397790057,3.25,8.166666666666666,39.795918367346935,1.0833333333333333,3.0833333333333335,35.13513513513514,3.4166666666666665,4.083333333333333,83.6734693877551,1.25,3.0833333333333335,4.333333333333333,1.5,1.3333333333333333,1.125,1.8333333333333333,0.75,0.4642857142857143,0.5520240883238541,103.53461538461538,97.38406593406593,6.150549450549448,1.0,39,11.384065934065934
267,Ricky Rubio,MIN,2014,25,48.0,32.4,9.44,0.291358024691358,3.12,8.64,36.11111111111111,0.76,2.0,38.0,2.44,2.88,84.72222222222221,0.8,3.64,4.44,8.0,3.0,2.6666666666666665,2.92,0.16,0.4050925925925926,0.47642118863049093,108.89148148148146,102.30814814814816,6.5833333333333,2.56,115,10.154444444444445
268,Arron Afflalo,ORL,2014,25,32.0,37.64,21.6,0.5738575982996812,7.52,16.08,46.766169154228855,2.16,5.2,41.53846153846154,4.4,5.04,87.3015873015873,0.36,4.32,4.68,3.96,2.08,1.9038461538461537,0.68,0.04,0.5348258706467661,0.5902413431269675,101.16301806588737,105.52380446333686,-4.360786397449488,1.72,-78,13.339957492029756
269,Alexey Shved,MIN,2014,22,50.0,9.909090909090908,2.772727272727273,0.2798165137614679,0.7727272727272727,3.0,25.757575757575758,0.3181818181818182,1.4545454545454546,21.875,0.9090909090909091,1.2272727272727273,74.07407407407408,0.3181818181818182,0.8636363636363636,1.1818181818181819,0.8181818181818182,0.5909090909090909,1.3846153846153846,0.2727272727272727,0.22727272727272727,0.3106060606060606,0.39162814586543404,94.28545454545457,99.25545454545454,-4.96999999999997,0.5454545454545454,-25,5.703636363636363
270,Evan Turner,PHI,2014,26,26.923076923076923,36.34615384615385,19.26923076923077,0.5301587301587302,7.384615384615385,16.692307692307693,44.23963133640553,0.8461538461538461,2.769230769230769,30.555555555555557,3.6538461538461537,4.423076923076923,82.6086956521739,1.0769230769230769,5.461538461538462,6.538461538461538,3.9615384615384617,3.5384615384615383,1.1195652173913044,1.0,0.0,0.46774193548387094,0.5169211721007015,100.5426455026455,107.45164021164021,-6.908994708994712,2.5384615384615383,-139,10.413439153439153
271,Jameer Nelson,ORL,2014,22,36.36363636363637,33.18181818181818,12.863636363636363,0.38767123287671235,4.590909090909091,11.727272727272727,39.14728682170542,2.272727272727273,6.181818181818182,36.76470588235294,1.4090909090909092,1.6818181818181819,83.78378378378379,0.4090909090909091,3.0454545454545454,3.4545454545454546,6.181818181818182,2.6818181818181817,2.305084745762712,0.9545454545454546,0.13636363636363635,0.4883720930232558,0.5158961645034272,102.66612021857924,105.04180327868852,-2.3756830601092815,2.1363636363636362,-22,9.267213114754098
272,Paul Pierce,BKN,2014,19,36.84210526315789,28.789473684210527,11.894736842105264,0.41316270566727603,3.526315789473684,9.526315789473685,37.01657458563536,1.1578947368421053,3.736842105263158,30.985915492957744,3.6842105263157894,4.315789473684211,85.36585365853658,0.3684210526315789,4.7368421052631575,5.105263157894737,2.8947368421052633,2.473684210526316,1.1702127659574468,0.7894736842105263,0.10526315789473684,0.430939226519337,0.5205454210429336,99.22285191956122,101.99506398537477,-2.772212065813548,2.3684210526315788,-38,9.954844606946983
273,Trey Burke,UTA,2014,15,33.33333333333333,29.0,12.4,0.42758620689655175,4.666666666666667,12.466666666666667,37.4331550802139,1.3333333333333333,3.933333333333333,33.89830508474576,1.7333333333333334,1.9333333333333333,89.65517241379311,0.4,2.933333333333333,3.3333333333333335,4.933333333333334,1.3333333333333333,3.7,0.7333333333333333,0.06666666666666667,0.42780748663101603,0.4655586704044854,106.65825688073394,112.94724770642203,-6.288990825688089,1.8,-60,9.662155963302752
274,Matt Bonner,SAS,2014,17,76.47058823529412,12.411764705882353,3.4705882352941178,0.2796208530805687,1.2941176470588236,2.764705882352941,46.808510638297875,0.8823529411764706,1.9411764705882353,45.45454545454545,0.0,0.0,,0.058823529411764705,1.3529411764705883,1.411764705882353,0.8823529411764706,0.35294117647058826,2.5,0.11764705882352941,0.11764705882352941,0.6276595744680851,0.6276595744680851,109.16572769953052,99.38544600938967,9.780281690140853,1.0588235294117647,51,6.456807511737089
275,Shaun Livingston,BKN,2014,24,37.5,22.916666666666668,6.333333333333333,0.27636363636363637,2.25,5.125,43.90243902439025,0.041666666666666664,0.125,33.33333333333333,1.7916666666666667,2.125,84.31372549019608,0.7916666666666666,1.625,2.4166666666666665,3.0416666666666665,1.25,2.433333333333333,0.875,0.3333333333333333,0.44308943089430897,0.5225522552255225,102.40508166969147,106.98348457350272,-4.578402903811252,1.875,-45,9.0513611615245
276,Brandon Bass,BOS,2014,26,46.15384615384615,29.384615384615383,11.23076923076923,0.38219895287958117,4.269230769230769,9.307692307692308,45.867768595041326,0.038461538461538464,0.07692307692307693,50.0,2.6538461538461537,3.1153846153846154,85.18518518518519,1.6923076923076923,4.615384615384615,6.3076923076923075,1.3076923076923077,1.1153846153846154,1.1724137931034482,0.5769230769230769,1.2307692307692308,0.4607438016528926,0.5258608269701772,98.2046997389034,102.04712793733682,-3.8424281984334243,2.730769230769231,-69,10.926892950391645
277,Garrett Temple,WAS,2014,21,42.857142857142854,10.238095238095237,1.4285714285714286,0.13953488372093023,0.6190476190476191,1.8571428571428572,33.33333333333333,0.0,0.42857142857142855,0.0,0.19047619047619047,0.3333333333333333,57.14285714285714,0.38095238095238093,0.5238095238095238,0.9047619047619048,0.9523809523809523,0.8095238095238095,1.1764705882352942,0.3333333333333333,0.14285714285714285,0.3333333333333333,0.3564638783269962,91.53255813953487,102.58372093023256,-11.051162790697688,1.1904761904761905,-52,-0.9488372093023258
278,Joakim Noah,CHI,2014,22,40.909090909090914,32.04545454545455,10.272727272727273,0.32056737588652484,4.0,8.318181818181818,48.08743169398907,0.0,0.0,,2.272727272727273,3.3636363636363638,67.56756756756756,3.3636363636363638,6.045454545454546,9.409090909090908,3.5,1.6818181818181819,2.081081081081081,1.0454545454545454,1.1363636363636365,0.4808743169398907,0.5242159955464836,99.26011315417254,105.22574257425742,-5.9656294200848805,3.3181818181818183,-71,12.521782178217821
279,Iman Shumpert,NYK,2014,24,29.166666666666668,28.125,6.625,0.23555555555555555,2.3333333333333335,6.25,37.333333333333336,0.9166666666666666,2.75,33.33333333333333,1.0416666666666667,1.2083333333333333,86.20689655172413,1.0,3.5833333333333335,4.583333333333333,1.9583333333333333,1.0,1.9583333333333333,1.25,0.16666666666666666,0.44666666666666666,0.48844925043008114,104.33328402366865,104.20739644970413,0.1258875739645191,2.9166666666666665,0,6.957692307692308
280,Stephen Jackson,LAC,2014,4,75.0,15.0,2.5,0.16666666666666666,1.0,3.25,30.76923076923077,0.0,1.75,0.0,0.5,1.0,50.0,0.25,1.25,1.5,0.5,0.75,0.6666666666666666,0.75,0.0,0.3076923076923077,0.33875338753387535,100.32333333333334,86.25666666666666,14.066666666666677,1.25,20,1.4883333333333333
281,Al Horford,ATL,2014,25,52.0,33.2,17.76,0.5349397590361445,7.84,14.24,55.0561797752809,0.08,0.36,22.22222222222222,2.0,2.96,67.56756756756756,2.24,6.2,8.44,2.52,2.24,1.125,1.0,1.48,0.5533707865168539,0.5713403335392218,103.6563176895307,101.4089049338147,2.247412755715999,1.84,45,14.675932611311673
282,Udonis Haslem,MIA,2014,13,76.92307692307693,12.307692307692308,2.8461538461538463,0.23125,1.1538461538461537,2.5384615384615383,45.45454545454545,0.0,0.0,,0.5384615384615384,0.9230769230769231,58.333333333333336,0.5384615384615384,1.4615384615384615,2.0,0.07692307692307693,0.5384615384615384,0.14285714285714285,0.15384615384615385,0.15384615384615385,0.45454545454545453,0.4832810867293626,104.8432098765432,114.38888888888889,-9.545679012345687,1.9230769230769231,-37,1.282098765432099
283,James Anderson,PHI,2014,26,26.923076923076923,29.923076923076923,10.538461538461538,0.35218508997429304,4.0,9.038461538461538,44.25531914893617,1.3846153846153846,4.346153846153846,31.858407079646017,1.1538461538461537,1.6538461538461537,69.76744186046511,0.5384615384615384,2.769230769230769,3.3076923076923075,1.7692307692307692,1.4230769230769231,1.2432432432432432,0.8076923076923077,0.38461538461538464,0.5191489361702127,0.5395400126023944,99.14736842105262,108.04107830551989,-8.89370988446727,1.5,-150,7.099486521181
284,Rashard Lewis,MIA,2014,23,73.91304347826086,19.304347826086957,4.391304347826087,0.22747747747747749,1.565217391304348,3.782608695652174,41.37931034482759,0.8695652173913043,2.5217391304347827,34.48275862068966,0.391304347826087,0.5652173913043478,69.23076923076923,0.43478260869565216,1.8695652173913044,2.3043478260869565,1.2173913043478262,0.6086956521739131,2.0,1.0869565217391304,0.21739130434782608,0.5287356321839081,0.5446505608283002,107.78536036036037,99.02004504504505,8.76531531531532,1.8695652173913044,76,6.344594594594594
285,Ryan Kelly,LAL,2014,4,25.0,4.75,2.0,0.42105263157894735,0.75,1.75,42.857142857142854,0.5,1.25,40.0,0.0,0.25,0.0,0.75,0.75,1.5,0.5,0.0,inf,0.0,0.25,0.5714285714285714,0.5376344086021505,119.74736842105261,117.8157894736842,1.9315789473684077,0.75,-1,12.610526315789471
286,Lance Stephenson,IND,2014,24,83.33333333333334,34.75,12.875,0.37050359712230213,5.208333333333333,10.75,48.44961240310077,1.0416666666666667,2.9166666666666665,35.714285714285715,1.4166666666666667,2.1666666666666665,65.38461538461539,1.2083333333333333,5.25,6.458333333333333,5.0,2.5416666666666665,1.9672131147540983,0.75,0.125,0.5329457364341085,0.5500569638279692,104.69904076738612,97.88621103117505,6.8128297362110715,2.625,107,12.134412470023983
287,Elliot Williams,PHI,2014,12,16.666666666666664,10.583333333333334,3.5833333333333335,0.33858267716535434,1.1666666666666667,3.3333333333333335,35.0,0.3333333333333333,1.25,26.666666666666668,0.9166666666666666,1.3333333333333333,68.75,0.3333333333333333,0.75,1.0833333333333333,0.3333333333333333,0.5833333333333334,0.5714285714285714,0.16666666666666666,0.08333333333333333,0.4,0.4570578231292517,86.58188976377951,107.34724409448818,-20.76535433070866,1.25,-59,1.2488188976377954
288,Jeff Teague,ATL,2014,25,52.0,33.0,15.96,0.48363636363636364,5.32,13.24,40.181268882175225,0.68,2.48,27.419354838709676,4.64,5.64,82.26950354609929,0.56,2.0,2.56,7.76,3.24,2.3950617283950617,1.28,0.16,0.42749244712990936,0.5075819255037655,102.91900726392254,102.83849878934625,0.08050847457629118,2.08,11,10.973486682808716
289,Pablo Prigioni,NYK,2014,24,29.166666666666668,18.791666666666668,3.875,0.20620842572062084,1.375,3.125,44.0,1.0416666666666667,2.4166666666666665,43.103448275862064,0.08333333333333333,0.08333333333333333,100.0,0.3333333333333333,1.5416666666666667,1.875,3.1666666666666665,0.75,4.222222222222222,1.25,0.041666666666666664,0.6066666666666667,0.6128096995255667,106.49115044247789,106.179203539823,0.31194690265488134,2.1666666666666665,-7,9.559513274336286
290,George Hill,IND,2014,21,80.95238095238095,32.523809523809526,11.19047619047619,0.3440702781844802,3.761904761904762,9.238095238095237,40.72164948453608,1.4761904761904763,3.8095238095238093,38.75,2.1904761904761907,2.7142857142857144,80.7017543859649,0.6190476190476191,3.142857142857143,3.761904761904762,3.857142857142857,1.5714285714285714,2.4545454545454546,1.1428571428571428,0.6190476190476191,0.48711340206185566,0.5363337593573123,107.28801169590642,95.85146198830408,11.436549707602339,2.0,159,10.887426900584794
291,Tim Hardaway Jr.,NYK,2014,23,30.434782608695656,17.304347826086957,8.130434782608695,0.46984924623115576,3.0,6.304347826086956,47.58620689655172,1.3478260869565217,3.1739130434782608,42.465753424657535,0.782608695652174,0.9565217391304348,81.81818181818183,0.2608695652173913,0.9130434782608695,1.173913043478261,0.8695652173913043,0.6086956521739131,1.4285714285714286,0.4782608695652174,0.17391304347826086,0.5827586206896552,0.6044737522627359,102.57236180904523,108.82487437185931,-6.252512562814076,1.2173913043478262,-52,8.398241206030153
292,Trevor Ariza,WAS,2014,18,38.88888888888889,36.05555555555556,15.222222222222221,0.4221879815100154,5.388888888888889,11.61111111111111,46.411483253588514,2.4444444444444446,5.944444444444445,41.1214953271028,2.0,2.8333333333333335,70.58823529411765,1.2777777777777777,4.666666666666667,5.944444444444445,2.5,2.0555555555555554,1.2162162162162162,1.9444444444444444,0.3333333333333333,0.569377990430622,0.5919460767369513,102.8056923076923,102.15846153846155,0.6472307692307453,2.1666666666666665,9,11.019384615384615
293,Corey Brewer,MIN,2014,25,48.0,33.76,12.92,0.38270142180094785,4.88,11.08,44.04332129963899,1.16,4.08,28.431372549019606,2.0,2.72,73.52941176470588,0.92,1.96,2.88,1.44,1.68,0.8571428571428571,1.68,0.36,0.4927797833935018,0.526195751335853,108.99822485207098,101.63585798816567,7.362366863905308,2.52,137,5.448757396449704
294,Pau Gasol,LAL,2014,24,45.83333333333333,30.208333333333332,14.458333333333334,0.4786206896551724,5.916666666666667,13.833333333333334,42.77108433734939,0.125,0.375,33.33333333333333,2.5,3.3333333333333335,75.0,1.625,7.666666666666667,9.291666666666666,3.0,2.2916666666666665,1.309090909090909,0.2916666666666667,1.2083333333333333,0.4322289156626506,0.4724945533769063,100.0629986244842,107.01953232462174,-6.956533700137541,2.0416666666666665,-116,11.984731774415406
295,Roger Mason Jr.,MIA,2014,10,80.0,11.9,4.8,0.40336134453781514,1.7,3.7,45.94594594594595,1.1,2.4,45.83333333333333,0.3,0.3,100.0,0.1,0.9,1.0,0.9,0.7,1.2857142857142858,0.3,0.1,0.6081081081081081,0.6263048016701461,108.96033057851238,108.17851239669422,0.7818181818181671,1.3,0,5.955371900826447
296,Ian Mahinmi,IND,2014,23,82.6086956521739,14.826086956521738,2.391304347826087,0.16129032258064516,0.6956521739130435,1.8695652173913044,37.2093023255814,0.0,0.0,,1.0,1.565217391304348,63.888888888888886,1.0434782608695652,1.6956521739130435,2.739130434782609,0.13043478260869565,0.9130434782608695,0.14285714285714285,0.391304347826087,0.8695652173913043,0.37209302325581395,0.4673691366417403,93.01491228070175,99.27076023391814,-6.255847953216389,2.652173913043478,-44,-0.47953216374268953
297,John Lucas III,UTA,2014,21,14.285714285714285,18.333333333333332,5.0,0.2727272727272727,1.9047619047619047,5.714285714285714,33.33333333333333,0.8571428571428571,2.5238095238095237,33.9622641509434,0.3333333333333333,0.42857142857142855,77.77777777777779,0.3333333333333333,0.8095238095238095,1.1428571428571428,1.4761904761904763,0.6190476190476191,2.3846153846153846,0.2857142857142857,0.0,0.4083333333333333,0.4235237173281704,89.920207253886,107.15518134715026,-17.234974093264256,1.0952380952380953,-133,4.1753886010362695
298,Cory Joseph,SAS,2014,17,82.35294117647058,7.647058823529412,3.764705882352941,0.49230769230769234,1.2352941176470589,2.588235294117647,47.72727272727273,0.058823529411764705,0.17647058823529413,33.33333333333333,1.2352941176470589,1.6470588235294117,75.0,0.4117647058823529,0.5294117647058824,0.9411764705882353,1.0,0.5294117647058824,1.8888888888888888,0.17647058823529413,0.0,0.48863636363636365,0.5681818181818182,100.34274809160306,111.68931297709923,-11.346564885496178,0.8823529411764706,-27,9.195419847328246
299,Roy Hibbert,IND,2014,24,83.33333333333334,31.041666666666668,12.875,0.4147651006711409,4.791666666666667,10.208333333333334,46.93877551020408,0.041666666666666664,0.125,33.33333333333333,3.25,4.125,78.78787878787878,3.3333333333333335,5.5,8.833333333333334,1.25,2.125,0.5882352941176471,0.3333333333333333,2.9583333333333335,0.4714285714285714,0.5354172442472969,107.85951742627344,93.33351206434317,14.526005361930274,3.125,208,11.914343163538872
300,Ryan Hollins,LAC,2014,23,69.56521739130434,8.782608695652174,2.5217391304347827,0.2871287128712871,0.9565217391304348,1.391304347826087,68.75,0.0,0.0,,0.6086956521739131,1.0869565217391304,56.00000000000001,0.5217391304347826,1.173913043478261,1.6956521739130435,0.043478260869565216,0.6956521739130435,0.0625,0.08695652173913043,0.391304347826087,0.6875,0.6744186046511628,101.35000000000002,86.44950495049507,14.900495049504954,1.7391304347826086,49,-0.2257425742574246
301,Robert Sacre,LAL,2014,11,45.45454545454545,12.727272727272727,4.2727272727272725,0.3357142857142857,1.8181818181818181,3.5454545454545454,51.28205128205128,0.0,0.0,,0.6363636363636364,1.0909090909090908,58.333333333333336,1.1818181818181819,1.6363636363636365,2.8181818181818183,0.9090909090909091,0.36363636363636365,2.5,0.2727272727272727,1.0,0.5128205128205128,0.530713640469738,105.69214285714287,101.72357142857142,3.968571428571451,1.3636363636363635,2,9.505714285714285
302,Mason Plumlee,BKN,2014,20,35.0,17.1,6.3,0.3684210526315789,2.15,3.1,69.35483870967742,0.0,0.0,,2.0,3.2,62.5,1.1,1.95,3.05,0.45,0.75,0.6,0.5,0.5,0.6935483870967742,0.6987577639751553,100.29736842105264,110.56695906432746,-10.269590643274825,2.4,-75,7.679824561403508
303,Willie Green,LAC,2014,14,57.14285714285714,18.285714285714285,5.142857142857143,0.28125,1.8571428571428572,5.5,33.76623376623377,0.7857142857142857,2.5,31.428571428571427,0.6428571428571429,0.8571428571428571,75.0,0.21428571428571427,1.2857142857142858,1.5,0.7857142857142857,0.6428571428571429,1.2222222222222223,0.2857142857142857,0.2857142857142857,0.4090909090909091,0.4375303840544482,98.74054054054054,99.47837837837838,-0.7378378378378443,1.6428571428571428,2,1.6671814671814669
304,Kyle O'Quinn,ORL,2014,16,37.5,9.8125,3.375,0.34394904458598724,1.4375,2.8125,51.11111111111111,0.0,0.0,,0.5,0.625,80.0,0.75,2.1875,2.9375,0.5625,0.6875,0.8181818181818182,0.125,0.6875,0.5111111111111111,0.5465587044534413,99.69620253164555,99.73164556962026,-0.0354430379747015,1.6875,-5,11.110126582278479
305,Kyle Korver,ATL,2014,21,57.14285714285714,34.142857142857146,12.285714285714286,0.3598326359832636,4.380952380952381,8.619047619047619,50.82872928176796,2.761904761904762,5.666666666666667,48.739495798319325,0.7619047619047619,0.9047619047619048,84.21052631578947,0.38095238095238093,3.5238095238095237,3.9047619047619047,2.619047619047619,1.5238095238095237,1.71875,1.0952380952380953,0.38095238095238093,0.6685082872928176,0.6812420785804816,104.11617852161785,102.15676429567642,1.9594142259414298,2.1904761904761907,47,9.425941422594143
306,Gordon Hayward,UTA,2014,27,22.22222222222222,36.148148148148145,16.85185185185185,0.4661885245901639,5.962962962962963,14.74074074074074,40.45226130653266,0.9629629629629629,3.6666666666666665,26.262626262626267,3.962962962962963,4.777777777777778,82.94573643410853,0.9259259259259259,4.37037037037037,5.296296296296297,4.555555555555555,2.8518518518518516,1.5974025974025974,1.2962962962962963,0.4444444444444444,0.4371859296482412,0.5002638754507872,99.48341862845444,110.1651995905834,-10.681780962128954,2.2222222222222223,-208,10.939611054247699
307,Marquis Teague,CHI,2014,15,26.666666666666668,13.133333333333333,2.466666666666667,0.18781725888324874,0.9333333333333333,3.8666666666666667,24.137931034482758,0.06666666666666667,0.4666666666666667,14.285714285714285,0.5333333333333333,0.8,66.66666666666666,0.06666666666666667,0.8,0.8666666666666667,1.5333333333333334,0.9333333333333333,1.6428571428571428,0.13333333333333333,0.2,0.25,0.29235145385587863,88.27525252525254,87.53636363636363,0.7388888888889085,1.2,2,-1.108585858585858
308,Luol Deng,CHI,2014,19,42.10526315789473,38.63157894736842,19.63157894736842,0.5081743869209809,7.157894736842105,15.631578947368421,45.79124579124579,0.7894736842105263,2.8421052631578947,27.77777777777778,4.526315789473684,5.578947368421052,81.13207547169812,1.6842105263157894,5.421052631578948,7.105263157894737,4.052631578947368,2.5789473684210527,1.5714285714285714,0.9473684210526315,0.21052631578947367,0.4831649831649832,0.5427191246653474,102.00040705563092,98.79416553595657,3.20624151967435,2.526315789473684,43,13.884260515603803
309,Tyshawn Taylor,BKN,2014,17,41.17647058823529,14.647058823529411,4.882352941176471,0.3333333333333333,1.7058823529411764,4.9411764705882355,34.523809523809526,0.17647058823529413,0.7058823529411765,25.0,1.2941176470588236,1.6470588235294117,78.57142857142857,0.17647058823529413,0.6470588235294118,0.8235294117647058,2.0588235294117645,1.588235294117647,1.2962962962962963,0.6470588235294118,0.058823529411764705,0.3630952380952381,0.43085548172757476,93.644578313253,117.16746987951808,-23.522891566265073,1.6470588235294117,-112,2.5686746987951805
310,Gerald Wallace,BOS,2014,26,46.15384615384615,23.846153846153847,4.346153846153846,0.18225806451612903,1.6923076923076923,3.5,48.35164835164835,0.4230769230769231,1.1923076923076923,35.483870967741936,0.5384615384615384,1.5,35.8974358974359,0.5384615384615384,3.0384615384615383,3.576923076923077,2.5,2.076923076923077,1.2037037037037037,1.3461538461538463,0.19230769230769232,0.5439560439560439,0.5223742603550297,98.58921095008053,103.377616747182,-4.7884057971014755,1.6153846153846154,-62,7.430756843800321
311,Victor Oladipo,ORL,2014,25,32.0,31.48,13.76,0.4371029224904701,4.84,11.72,41.29692832764505,0.84,3.04,27.631578947368425,3.24,4.28,75.70093457943925,0.52,3.96,4.48,3.48,3.52,0.9886363636363636,1.72,0.76,0.44880546075085326,0.5057633498000471,97.45133418043203,103.37789072426938,-5.92655654383735,2.84,-86,8.572045743329097
312,E'Twaun Moore,ORL,2014,25,32.0,20.8,6.16,0.29615384615384616,2.32,5.68,40.845070422535215,0.8,2.24,35.714285714285715,0.72,0.8,90.0,0.48,1.4,1.88,1.64,0.76,2.1578947368421053,0.76,0.08,0.4788732394366197,0.5106100795755968,95.02662835249042,100.7314176245211,-5.7047892720306805,1.32,-50,7.154789272030652
313,Jeff Green,BOS,2014,26,46.15384615384615,33.84615384615385,16.53846153846154,0.48863636363636365,5.6923076923076925,12.576923076923077,45.25993883792049,1.5,3.6923076923076925,40.625,3.6538461538461537,4.653846153846154,78.51239669421489,0.7307692307692307,3.730769230769231,4.461538461538462,1.6153846153846154,1.8461538461538463,0.875,0.34615384615384615,0.4230769230769231,0.5122324159021406,0.5654323585104145,101.31271282633371,100.88683314415438,0.42587968217932826,1.7307692307692308,-4,10.948354143019296
314,Josh Harrellson,DET,2014,17,47.05882352941176,9.058823529411764,2.9411764705882355,0.3246753246753247,1.2352941176470589,2.588235294117647,47.72727272727273,0.35294117647058826,0.9411764705882353,37.5,0.11764705882352941,0.11764705882352941,100.0,1.0,1.2941176470588236,2.2941176470588234,0.4117647058823529,0.29411764705882354,1.4,0.11764705882352941,0.4117647058823529,0.5454545454545454,0.5570409982174688,102.27741935483871,96.55999999999999,5.717419354838725,1.1176470588235294,23,7.299354838709679
315,Rodney Stuckey,DET,2014,23,47.82608695652174,27.695652173913043,15.173913043478262,0.5478806907378336,5.521739130434782,12.0,46.01449275362319,0.43478260869565216,1.391304347826087,31.25,3.6956521739130435,4.434782608695652,83.33333333333334,0.6956521739130435,1.6956521739130435,2.391304347826087,2.217391304347826,1.8695652173913044,1.186046511627907,0.8260869565217391,0.21739130434782608,0.4782608695652174,0.5438170032410871,103.98215962441316,106.69389671361502,-2.7117370892018613,2.0,-33,10.58435054773083
316,Spencer Hawes,PHI,2014,24,29.166666666666668,31.958333333333332,14.75,0.46153846153846156,5.708333333333333,11.458333333333334,49.81818181818182,1.7083333333333333,3.9166666666666665,43.61702127659575,1.625,2.1666666666666665,75.0,1.625,7.333333333333333,8.958333333333334,2.9583333333333335,2.25,1.3148148148148149,0.4583333333333333,1.625,0.5727272727272728,0.5941990063112663,101.69569752281618,109.745110821382,-8.049413298565824,2.8333333333333335,-137,12.517861799217728
317,Carlos Boozer,CHI,2014,23,39.130434782608695,30.869565217391305,14.826086956521738,0.4802816901408451,6.260869565217392,13.956521739130435,44.85981308411215,0.0,0.0,,2.3043478260869565,2.782608695652174,82.8125,2.347826086956522,6.869565217391305,9.217391304347826,1.6521739130434783,2.4347826086956523,0.6785714285714286,0.6086956521739131,0.5652173913043478,0.4485981308411215,0.48831481269332105,100.6495077355837,99.89029535864981,0.7592123769338883,3.0434782608695654,6,12.02194092827004
318,Beno Udrih,NYK,2014,17,35.294117647058826,15.294117647058824,4.882352941176471,0.3192307692307692,1.9411764705882353,4.588235294117647,42.30769230769231,0.47058823529411764,1.0588235294117647,44.44444444444444,0.5294117647058824,0.7058823529411765,75.0,0.35294117647058826,1.3529411764705883,1.7058823529411764,2.235294117647059,1.2941176470588236,1.7272727272727273,0.4117647058823529,0.0,0.47435897435897434,0.4983189241114313,99.05779467680607,106.01444866920151,-6.956653992395445,1.2941176470588236,-52,7.159315589353612
319,Richard Jefferson,UTA,2014,27,22.22222222222222,27.14814814814815,9.925925925925926,0.3656207366984993,3.4814814814814814,8.148148148148149,42.72727272727273,1.3333333333333333,3.3333333333333335,40.0,1.6296296296296295,2.037037037037037,80.0,0.37037037037037035,2.4814814814814814,2.8518518518518516,1.6666666666666667,1.5925925925925926,1.0465116279069768,0.5925925925925926,0.25925925925925924,0.509090909090909,0.5487305487305487,97.62152588555858,111.08719346049047,-13.465667574931885,2.074074074074074,-196,6.724386920980926
320,Andris Biedrins,UTA,2014,6,0.0,7.333333333333333,0.5,0.06818181818181818,0.16666666666666666,0.16666666666666666,100.0,0.0,0.0,,0.16666666666666666,1.0,16.666666666666664,0.3333333333333333,2.5,2.8333333333333335,0.0,0.3333333333333333,0.0,0.0,0.0,1.0,0.41208791208791207,93.375,94.37727272727271,-1.002272727272711,1.0,2,5.340909090909091
321,Kevin Seraphin,WAS,2014,18,33.33333333333333,8.222222222222221,3.888888888888889,0.47297297297297297,1.7222222222222223,3.7777777777777777,45.588235294117645,0.0,0.0,,0.4444444444444444,0.4444444444444444,100.0,0.8333333333333334,0.7777777777777778,1.6111111111111112,0.2222222222222222,0.7777777777777778,0.2857142857142857,0.05555555555555555,0.2777777777777778,0.45588235294117646,0.4893736017897092,100.61073825503357,90.37046979865771,10.240268456375858,2.0,20,-4.401342281879195
322,Courtney Lee,BOS,2014,23,47.82608695652174,16.695652173913043,7.304347826086956,0.4375,2.9565217391304346,5.782608695652174,51.127819548872175,0.782608695652174,1.608695652173913,48.64864864864865,0.6086956521739131,0.6956521739130435,87.5,0.2608695652173913,1.2173913043478262,1.4782608695652173,0.9565217391304348,0.782608695652174,1.2222222222222223,0.6086956521739131,0.21739130434782608,0.5789473684210527,0.5998286203941732,101.87818181818182,102.42259740259738,-0.5444155844155603,1.3478260869565217,0,10.111688311688313
323,Diante Garrett,UTA,2014,18,27.77777777777778,15.11111111111111,3.611111111111111,0.23897058823529413,1.5,3.888888888888889,38.57142857142858,0.3888888888888889,1.0,38.88888888888889,0.2222222222222222,0.2222222222222222,100.0,0.2777777777777778,0.8333333333333334,1.1111111111111112,2.7222222222222223,1.3888888888888888,1.96,0.8333333333333334,0.0,0.4357142857142857,0.45289855072463764,106.41199999999999,104.46872727272728,1.9432727272727135,0.6111111111111112,6,6.715272727272727
324,Jeremy Evans,UTA,2014,14,35.714285714285715,21.357142857142858,7.785714285714286,0.36454849498327757,3.4285714285714284,6.5,52.74725274725275,0.0,0.0,,0.9285714285714286,1.2142857142857142,76.47058823529412,2.642857142857143,3.642857142857143,6.285714285714286,1.1428571428571428,0.8571428571428571,1.3333333333333333,0.7142857142857143,0.9285714285714286,0.5274725274725275,0.5534118602761982,99.42173913043479,107.72575250836121,-8.304013377926424,2.9285714285714284,-46,12.671906354515048
325,Orlando Johnson,IND,2014,23,82.6086956521739,13.434782608695652,3.5652173913043477,0.26537216828478966,1.2608695652173914,3.608695652173913,34.93975903614458,0.34782608695652173,1.608695652173913,21.62162162162162,0.6956521739130435,0.782608695652174,88.88888888888889,0.2608695652173913,1.608695652173913,1.8695652173913044,0.6521739130434783,0.5217391304347826,1.25,0.2608695652173913,0.043478260869565216,0.39759036144578314,0.4509458864936208,93.66569579288027,93.6673139158576,-0.001618122977333769,0.782608695652174,9,12.862459546925564
326,Thaddeus Young,PHI,2014,23,26.08695652173913,32.73913043478261,15.826086956521738,0.48339973439575035,6.695652173913044,13.73913043478261,48.734177215189874,0.6521739130434783,1.8695652173913044,34.883720930232556,1.7826086956521738,2.652173913043478,67.21311475409836,2.130434782608696,4.478260869565218,6.608695652173913,1.608695652173913,1.8695652173913044,0.8604651162790697,1.3478260869565217,0.5217391304347826,0.5110759493670886,0.5308598763271497,101.26556291390727,111.31364238410595,-10.048079470198672,2.6956521739130435,-170,9.470331125827814
327,Mike Dunleavy,CHI,2014,23,39.130434782608695,28.347826086956523,10.565217391304348,0.3726993865030675,3.739130434782609,8.652173913043478,43.21608040201005,1.565217391304348,4.043478260869565,38.70967741935484,1.5217391304347827,1.7391304347826086,87.5,0.30434782608695654,3.782608695652174,4.086956521739131,1.9565217391304348,1.0869565217391304,1.8,0.5652173913043478,0.30434782608695654,0.5226130653266332,0.5609418282548476,97.6059724349158,98.03445635528331,-0.42848392036751193,1.9565217391304348,6,11.065237366003064
328,Nikola Pekovic,MIN,2014,25,48.0,33.2,16.12,0.4855421686746988,6.48,12.52,51.75718849840255,0.0,0.0,,3.16,4.4,71.81818181818181,3.76,4.88,8.64,1.0,1.64,0.6097560975609756,0.48,0.4,0.5175718849840255,0.5575539568345325,106.68559423769506,101.90648259303724,4.779111644657817,2.32,83,10.81920768307323
329,Phil Pressey,BOS,2014,23,52.17391304347826,11.782608695652174,2.0,0.16974169741697417,0.6956521739130435,2.782608695652174,25.0,0.13043478260869565,0.9565217391304348,13.636363636363635,0.4782608695652174,0.8260869565217391,57.89473684210527,0.2608695652173913,0.9565217391304348,1.2173913043478262,1.826086956521739,0.6521739130434783,2.8,0.782608695652174,0.043478260869565216,0.2734375,0.31785516860143725,97.11875000000002,97.20330882352941,-0.0845588235293917,1.0,4,3.932720588235295
330,Tony Snell,CHI,2014,19,36.84210526315789,17.68421052631579,5.052631578947368,0.2857142857142857,1.894736842105263,4.631578947368421,40.909090909090914,0.7894736842105263,2.3157894736842106,34.090909090909086,0.47368421052631576,0.6842105263157895,69.23076923076923,0.3157894736842105,1.105263157894737,1.4210526315789473,1.0526315789473684,0.7894736842105263,1.3333333333333333,0.3157894736842105,0.21052631578947367,0.4943181818181818,0.5121638924455826,91.43501483679523,102.57744807121661,-11.142433234421375,0.6842105263157895,-76,7.0127596439169135
331,Lorenzo Brown,PHI,2014,13,7.6923076923076925,10.846153846153847,3.1538461538461537,0.2907801418439716,1.3846153846153846,4.153846153846154,33.33333333333333,0.07692307692307693,1.2307692307692308,6.25,0.3076923076923077,0.3076923076923077,100.0,0.38461538461538464,0.38461538461538464,0.7692307692307693,1.8461538461538463,0.8461538461538461,2.1818181818181817,0.7692307692307693,0.23076923076923078,0.3425925925925926,0.36764705882352944,93.4725352112676,101.17042253521127,-7.697887323943675,1.0,-21,4.976056338028169
332,Kevin Garnett,BKN,2014,22,40.909090909090914,22.045454545454547,6.454545454545454,0.2927835051546392,3.0,8.045454545454545,37.28813559322034,0.0,0.13636363636363635,0.0,0.45454545454545453,0.5909090909090909,76.92307692307693,1.2727272727272727,6.090909090909091,7.363636363636363,1.8181818181818181,1.0454545454545454,1.7391304347826086,0.8181818181818182,0.7727272727272727,0.3728813559322034,0.3885726795096322,98.30493827160493,105.58065843621398,-7.275720164609055,2.8636363636363638,-76,10.230041152263377
333,Tim Duncan,SAS,2014,22,77.27272727272727,28.0,13.863636363636363,0.49512987012987014,5.5,11.909090909090908,46.18320610687023,0.0,0.09090909090909091,0.0,2.8636363636363638,3.772727272727273,75.90361445783132,1.9545454545454546,6.909090909090909,8.863636363636363,3.1818181818181817,1.8181818181818181,1.75,0.4090909090909091,1.6818181818181819,0.4618320610687023,0.5108535441511457,105.87867528271403,97.88772213247172,7.990953150242305,1.5454545454545454,96,14.70129240710824
334,Kawhi Leonard,SAS,2014,24,79.16666666666666,28.25,11.833333333333334,0.41887905604719766,5.083333333333333,9.875,51.47679324894515,0.7083333333333334,2.5416666666666665,27.86885245901639,0.9583333333333334,1.2083333333333333,79.3103448275862,1.3333333333333333,4.708333333333333,6.041666666666667,1.625,1.125,1.4444444444444444,1.875,0.4166666666666667,0.5506329113924051,0.568545803971813,101.49749262536874,96.6755162241888,4.821976401179938,1.9583333333333333,48,13.651327433628321
335,Will Bynum,DET,2014,11,45.45454545454545,18.181818181818183,8.181818181818182,0.45,2.909090909090909,6.909090909090909,42.10526315789473,0.2727272727272727,0.8181818181818182,33.33333333333333,2.090909090909091,3.0,69.6969696969697,0.36363636363636365,1.4545454545454546,1.8181818181818181,2.909090909090909,1.6363636363636365,1.7777777777777777,1.0,0.18181818181818182,0.4407894736842105,0.4971277065841803,103.0910447761194,101.82985074626865,1.2611940298507562,2.272727272727273,12,8.953233830845772
336,Boris Diaw,SAS,2014,23,78.26086956521739,23.217391304347824,9.782608695652174,0.42134831460674155,4.217391304347826,7.782608695652174,54.18994413407822,0.43478260869565216,1.608695652173913,27.027027027027028,0.9130434782608695,1.2608695652173914,72.41379310344827,0.6521739130434783,2.652173913043478,3.3043478260869565,1.8695652173913044,1.391304347826087,1.34375,0.4782608695652174,0.4782608695652174,0.5698324022346368,0.5866708385481852,110.69514018691589,98.56205607476633,12.133084112149561,1.608695652173913,134,9.910467289719625
337,Chris Andersen,MIA,2014,23,78.26086956521739,17.652173913043477,6.3478260869565215,0.35960591133004927,2.391304347826087,3.9130434782608696,61.111111111111114,0.043478260869565216,0.13043478260869565,33.33333333333333,1.5217391304347827,2.260869565217391,67.3076923076923,1.434782608695652,2.869565217391304,4.304347826086956,0.43478260869565216,0.8260869565217391,0.5263157894736842,0.391304347826087,1.3043478260869565,0.6166666666666667,0.6467044649184975,108.8894348894349,98.68255528255528,10.20687960687961,2.0869565217391304,72,10.743734643734642
338,David West,IND,2014,24,83.33333333333334,30.333333333333332,13.041666666666666,0.42994505494505497,5.375,11.541666666666666,46.57039711191336,0.041666666666666664,0.25,16.666666666666664,2.25,2.875,78.26086956521739,1.2916666666666667,5.833333333333333,7.125,3.0416666666666665,1.6666666666666667,1.825,0.9583333333333334,0.9583333333333334,0.4675090252707581,0.5091749089016138,109.1082191780822,94.9190410958904,14.189178082191788,2.1666666666666665,208,14.852602739726025
339,Kobe Bryant,LAL,2014,5,20.0,28.8,12.4,0.4305555555555556,4.4,11.0,40.0,0.4,3.0,13.333333333333334,3.2,3.8,84.21052631578947,0.2,4.0,4.2,6.8,6.0,1.1333333333333333,1.2,0.0,0.41818181818181815,0.4892676767676768,98.6,109.41388888888889,-10.813888888888897,1.6,-34,8.13125
340,Rasual Butler,IND,2014,9,66.66666666666666,5.888888888888889,2.7777777777777777,0.4716981132075472,1.0,1.6666666666666667,60.0,0.7777777777777778,1.3333333333333333,58.333333333333336,0.0,0.0,,0.1111111111111111,0.2222222222222222,0.3333333333333333,0.2222222222222222,0.1111111111111111,2.0,0.0,0.2222222222222222,0.8333333333333334,0.8333333333333334,99.04259259259258,122.03888888888889,-22.996296296296308,0.5555555555555556,-22,10.187037037037037
341,Jeff Ayres,SAS,2014,23,82.6086956521739,12.565217391304348,2.1739130434782608,0.17301038062283736,0.9565217391304348,2.3043478260869565,41.509433962264154,0.0,0.0,,0.2608695652173913,0.4782608695652174,54.54545454545454,0.8695652173913043,2.3043478260869565,3.1739130434782608,0.6956521739130435,0.9130434782608695,0.7619047619047619,0.2608695652173913,0.2608695652173913,0.41509433962264153,0.43222683264177036,104.67216494845361,97.68350515463916,6.988659793814449,2.0,40,3.9945017182130593
342,Hollis Thompson,PHI,2014,24,25.0,20.791666666666668,6.083333333333333,0.2925851703406814,2.25,4.875,46.15384615384615,0.6666666666666666,1.9583333333333333,34.04255319148936,0.9166666666666666,1.2083333333333333,75.86206896551724,1.125,2.4583333333333335,3.5833333333333335,0.875,0.875,1.0,0.5,0.16666666666666666,0.5299145299145299,0.562577065351418,98.00859999999999,108.54460000000003,-10.536000000000044,1.625,-117,6.8988
343,Brandon Rush,UTA,2014,8,25.0,13.875,2.375,0.17117117117117117,0.875,2.25,38.88888888888889,0.5,1.0,50.0,0.125,0.125,100.0,0.25,0.875,1.125,1.0,0.875,1.1428571428571428,0.125,0.375,0.5,0.5151843817787418,105.70900900900901,111.16486486486484,-5.45585585585583,1.125,-14,1.302702702702703
344,Andray Blatche,BKN,2014,24,37.5,22.833333333333332,12.0,0.5255474452554745,4.666666666666667,9.666666666666666,48.275862068965516,0.16666666666666666,0.6666666666666666,25.0,2.5,3.5,71.42857142857143,2.0,4.25,6.25,1.2083333333333333,1.875,0.6444444444444445,1.0416666666666667,0.4166666666666667,0.49137931034482757,0.5353955978584176,106.13952641165756,107.13260473588343,-0.9930783242258769,2.125,-10,12.755009107468124
345,Blake Griffin,LAC,2014,26,65.38461538461539,36.61538461538461,20.346153846153847,0.555672268907563,7.8076923076923075,15.076923076923077,51.78571428571429,0.11538461538461539,0.38461538461538464,30.0,4.615384615384615,6.923076923076923,66.66666666666666,2.1923076923076925,8.153846153846153,10.346153846153847,3.076923076923077,2.6923076923076925,1.1428571428571428,1.0384615384615385,0.6923076923076923,0.5216836734693877,0.5613327674023769,108.13004201680675,102.97920168067229,5.150840336134465,3.423076923076923,115,14.606092436974787
346,Tornike Shengelia,BKN,2014,11,36.36363636363637,10.363636363636363,1.9090909090909092,0.18421052631578946,0.8181818181818182,2.0,40.909090909090914,0.0,0.5454545454545454,0.0,0.2727272727272727,0.7272727272727273,37.5,0.2727272727272727,0.9090909090909091,1.1818181818181819,0.8181818181818182,0.9090909090909091,0.9,0.18181818181818182,0.09090909090909091,0.4090909090909091,0.4114420062695925,103.32192982456138,109.27017543859648,-5.948245614035102,1.3636363636363635,-14,0.12456140350877187
347,Brandon Davies,PHI,2014,23,21.73913043478261,12.304347826086957,2.391304347826087,0.19434628975265017,0.8695652173913043,2.5652173913043477,33.89830508474576,0.0,0.13043478260869565,0.0,0.6521739130434783,0.9565217391304348,68.18181818181817,0.782608695652174,1.434782608695652,2.217391304347826,0.7391304347826086,0.6956521739130435,1.0625,0.5217391304347826,0.17391304347826086,0.3389830508474576,0.4004076878276063,92.34105263157893,102.72877192982455,-10.387719298245614,1.826086956521739,-54,2.6238596491228074
348,Kyle Singler,DET,2014,26,46.15384615384615,22.307692307692307,7.846153846153846,0.35172413793103446,2.576923076923077,5.461538461538462,47.183098591549296,0.7307692307692307,2.1923076923076925,33.33333333333333,1.9615384615384615,2.3461538461538463,83.60655737704919,1.0,2.230769230769231,3.230769230769231,0.5769230769230769,0.6153846153846154,0.9375,0.38461538461538464,0.46153846153846156,0.5387323943661971,0.6041222459132907,100.08421955403088,101.34322469982848,-1.2590051457976017,2.576923076923077,-18,7.7641509433962295
349,Joel Anthony,MIA,2014,7,85.71428571428571,4.428571428571429,0.5714285714285714,0.12903225806451613,0.2857142857142857,0.7142857142857143,40.0,0.0,0.0,,0.0,0.0,,0.2857142857142857,0.5714285714285714,0.8571428571428571,0.0,0.14285714285714285,0.0,0.0,0.5714285714285714,0.4,0.4,109.584375,107.509375,2.0749999999999886,0.5714285714285714,2,1.3125
350,Tobias Harris,ORL,2014,4,25.0,18.5,7.25,0.3918918918918919,2.5,7.75,32.25806451612903,0.25,2.75,9.090909090909092,2.0,2.5,80.0,0.75,3.5,4.25,1.0,0.75,1.3333333333333333,0.25,0.0,0.3387096774193548,0.4096045197740113,97.84594594594596,97.17837837837837,0.6675675675675876,1.75,3,6.909459459459459
351,Andrew Nicholson,ORL,2014,25,32.0,21.12,9.56,0.45265151515151514,3.84,7.72,49.740932642487046,0.72,2.0,36.0,1.16,1.36,85.29411764705883,1.08,4.24,5.32,0.2,1.04,0.19230769230769232,0.24,0.52,0.5440414507772021,0.574629736487786,96.7845283018868,98.82566037735852,-2.0411320754717224,2.56,-17,10.871886792452829
352,Kelly Olynyk,BOS,2014,16,37.5,21.375,7.375,0.34502923976608185,2.8125,7.0,40.17857142857143,0.375,1.5,25.0,1.375,1.4375,95.65217391304348,2.0,3.25,5.25,1.5,2.1875,0.6857142857142857,0.4375,0.3125,0.42857142857142855,0.4831313462168359,99.07755102040817,105.27434402332362,-6.196793002915456,3.4375,-40,5.718950437317782
353,Robbie Hummel,MIN,2014,20,45.0,12.05,3.45,0.2863070539419087,1.3,3.35,38.80597014925373,0.6,1.85,32.432432432432435,0.25,0.25,100.0,0.75,2.15,2.9,0.4,0.15,2.6666666666666665,0.3,0.05,0.47761194029850745,0.4985549132947977,99.27909836065574,96.72868852459017,2.550409836065569,1.2,19,11.775819672131146
354,Alan Anderson,BKN,2014,24,37.5,25.5,8.291666666666666,0.32516339869281047,3.0,7.041666666666667,42.60355029585799,1.3333333333333333,3.5833333333333335,37.2093023255814,0.9583333333333334,1.25,76.66666666666667,0.625,2.125,2.75,1.2083333333333333,0.6666666666666666,1.8125,0.9166666666666666,0.125,0.5207100591715976,0.5461031833150385,103.28631921824105,108.08338762214984,-4.797068403908796,2.125,-66,7.068892508143324
355,DeMarre Carroll,ATL,2014,25,52.0,30.6,9.36,0.3058823529411765,3.32,7.76,42.78350515463917,1.08,3.36,32.142857142857146,1.64,2.04,80.3921568627451,1.4,4.52,5.92,1.68,1.08,1.5555555555555556,1.16,0.24,0.49742268041237114,0.5405655146922935,100.35461638491546,100.91820546163848,-0.5635890767230194,2.44,-15,8.32028608582575
356,Marvin Williams,UTA,2014,17,35.294117647058826,26.352941176470587,10.117647058823529,0.38392857142857145,3.9411764705882355,8.529411764705882,46.206896551724135,1.7058823529411764,4.235294117647059,40.27777777777778,0.5294117647058824,0.7647058823529411,69.23076923076923,1.2941176470588236,3.7058823529411766,5.0,1.4705882352941178,0.7058823529411765,2.0833333333333335,1.0588235294117647,0.47058823529411764,0.5620689655172414,0.5705944798301487,107.84944320712695,109.226280623608,-1.3768374164810524,2.5294117647058822,-16,8.857238307349666
357,Gorgui Dieng,MIN,2014,14,50.0,6.428571428571429,1.6428571428571428,0.25555555555555554,0.6428571428571429,1.5,42.857142857142854,0.0,0.0,,0.35714285714285715,0.9285714285714286,38.46153846153847,0.7142857142857143,1.5,2.2142857142857144,0.5,0.6428571428571429,0.7777777777777778,0.2857142857142857,0.8571428571428571,0.42857142857142855,0.43038922155688625,78.87,97.78666666666668,-18.91666666666667,1.5,-32,-23.810000000000002
358,Manu Ginobili,SAS,2014,24,79.16666666666666,23.041666666666668,11.0,0.47739602169981915,4.208333333333333,8.791666666666666,47.867298578199055,1.4166666666666667,3.8333333333333335,36.95652173913043,1.1666666666666667,1.3333333333333333,87.5,0.4166666666666667,3.2083333333333335,3.625,4.625,1.9166666666666667,2.4130434782608696,0.9166666666666666,0.16666666666666666,0.5592417061611374,0.5864581482139684,113.09603603603605,96.230990990991,16.86504504504505,1.9166666666666667,189,12.76666666666667
359,Avery Bradley,BOS,2014,26,46.15384615384615,30.384615384615383,13.461538461538462,0.4430379746835443,5.769230769230769,12.846153846153847,44.91017964071856,1.0384615384615385,2.730769230769231,38.028169014084504,0.8846153846153846,1.2307692307692308,71.875,0.8846153846153846,3.0384615384615383,3.923076923076923,1.3076923076923077,1.7692307692307692,0.7391304347826086,1.0769230769230769,0.23076923076923078,0.48952095808383234,0.5027579866697311,101.51024020227563,100.6470290771176,0.8632111251580312,2.923076923076923,-9,7.239949431099872
360,Josh Smith,DET,2014,26,46.15384615384615,36.0,15.038461538461538,0.41773504273504275,5.961538461538462,14.653846153846153,40.68241469816273,1.1153846153846154,4.230769230769231,26.36363636363636,2.0,3.5,57.14285714285714,1.3461538461538463,5.269230769230769,6.615384615384615,3.3846153846153846,2.576923076923077,1.3134328358208955,1.4230769230769231,1.4615384615384615,0.4448818897637795,0.4643264297928938,105.52123799359659,106.04887940234792,-0.5276414087513359,2.8076923076923075,-2,8.741088580576307
361,John Wall,WAS,2014,23,43.47826086956522,37.73913043478261,19.52173913043478,0.5172811059907834,7.0,16.869565217391305,41.49484536082475,1.1304347826086956,3.6956521739130435,30.58823529411765,4.391304347826087,5.260869565217392,83.47107438016529,0.5217391304347826,3.869565217391304,4.391304347826087,9.26086956521739,3.739130434782609,2.4767441860465116,2.130434782608696,0.391304347826087,0.4484536082474227,0.5087934004170066,105.3239355581128,101.44695051783663,3.8769850402761676,2.217391304347826,71,13.910586881472959
362,Carmelo Anthony,NYK,2014,24,29.166666666666668,39.333333333333336,26.291666666666668,0.6684322033898306,9.333333333333334,20.708333333333332,45.07042253521127,1.2916666666666667,3.8333333333333335,33.69565217391305,6.333333333333333,7.458333333333333,84.91620111731844,2.625,6.458333333333333,9.083333333333334,2.8333333333333335,2.3333333333333335,1.2142857142857142,1.0833333333333333,0.6666666666666666,0.4818913480885312,0.5479713769626233,104.24809322033899,106.63633474576271,-2.388241525423723,2.9583333333333335,-41,16.1489406779661
363,JR Smith,NYK,2014,19,26.31578947368421,30.157894736842106,10.526315789473685,0.34904013961605584,3.736842105263158,11.105263157894736,33.649289099526065,2.0,5.842105263157895,34.234234234234236,1.0526315789473684,1.631578947368421,64.51612903225806,0.8421052631578947,3.3157894736842106,4.157894736842105,2.3684210526315788,1.5789473684210527,1.5,1.0526315789473684,0.10526315789473684,0.4265402843601896,0.4451566951566952,104.56232638888888,106.09652777777777,-1.5342013888888886,2.6842105263157894,-14,5.987326388888888
364,Jared Sullinger,BOS,2014,24,50.0,26.708333333333332,13.958333333333334,0.5226209048361935,5.583333333333333,11.75,47.5177304964539,0.7916666666666666,2.625,30.158730158730158,2.0,2.5833333333333335,77.41935483870968,2.2083333333333335,4.875,7.083333333333333,1.7083333333333333,1.625,1.0512820512820513,0.4166666666666667,0.5416666666666666,0.5088652482269503,0.5415804449042939,106.24270186335404,100.28369565217392,5.9590062111801245,3.1666666666666665,83,12.589440993788822
365,Alec Burks,UTA,2014,27,22.22222222222222,27.074074074074073,12.851851851851851,0.4746922024623803,4.703703703703703,10.925925925925926,43.050847457627114,0.6296296296296297,1.8518518518518519,34.0,2.814814814814815,3.7777777777777777,74.50980392156863,0.9629629629629629,1.8518518518518519,2.814814814814815,2.5925925925925926,1.7407407407407407,1.4893617021276595,0.8518518518518519,0.2222222222222222,0.45932203389830506,0.5104742850417795,98.97094133697134,106.6294679399727,-7.658526603001363,2.2962962962962963,-111,8.733015006821281
366,Xavier Henry,LAL,2014,24,45.83333333333333,20.125,9.791666666666666,0.4865424430641822,3.2083333333333335,7.291666666666667,44.0,0.7083333333333334,1.7916666666666667,39.53488372093023,2.6666666666666665,4.25,62.745098039215684,0.5833333333333334,2.0,2.5833333333333335,1.0416666666666667,1.2083333333333333,0.8620689655172413,0.9583333333333334,0.125,0.48857142857142855,0.5343823903947608,106.87619047619046,101.2944099378882,5.5817805383022545,1.75,52,6.737267080745342
367,Andrea Bargnani,NYK,2014,24,29.166666666666668,31.333333333333332,14.875,0.4747340425531915,5.916666666666667,13.208333333333334,44.79495268138801,0.9166666666666666,3.125,29.333333333333332,2.125,2.625,80.95238095238095,1.7083333333333333,3.4583333333333335,5.166666666666667,1.4166666666666667,1.25,1.1333333333333333,0.4583333333333333,1.375,0.48264984227129337,0.5178115572058481,102.72927152317881,109.03086092715232,-6.301589403973509,2.375,-91,10.05655629139073
368,Brandon Jennings,DET,2014,24,45.83333333333333,37.083333333333336,17.041666666666668,0.45955056179775283,6.083333333333333,15.5,39.247311827956985,1.75,5.0,35.0,3.125,4.083333333333333,76.53061224489795,0.875,2.6666666666666665,3.5416666666666665,7.75,3.4166666666666665,2.268292682926829,1.625,0.08333333333333333,0.4489247311827957,0.49262863750240893,104.5686868686869,106.68260381593714,-2.113916947250246,2.0416666666666665,-37,10.625701459034792
369,J.J. Barea,MIN,2014,25,48.0,18.56,7.76,0.41810344827586204,3.12,8.08,38.613861386138616,0.84,2.8,30.0,0.68,0.92,73.91304347826086,0.2,1.72,1.92,3.72,1.2,3.1,0.4,0.0,0.4381188118811881,0.45728832736187064,99.816452991453,101.29615384615386,-1.4797008547008517,1.32,-9,8.764316239316239
370,Chris Paul,LAC,2014,25,64.0,34.44,19.84,0.5760743321718932,6.6,14.0,47.14285714285714,1.28,3.68,34.78260869565217,5.36,6.12,87.58169934640523,0.6,4.12,4.72,11.28,2.56,4.40625,2.36,0.12,0.5171428571428571,0.5942681874820281,110.84571759259259,104.23402777777778,6.6116898148148096,2.68,130,20.039351851851855
371,LeBron James,MIA,2014,24,75.0,35.541666666666664,25.25,0.7104337631887456,9.166666666666666,15.333333333333334,59.78260869565217,1.2083333333333333,2.9166666666666665,41.42857142857143,5.708333333333333,7.333333333333333,77.8409090909091,0.875,5.875,6.75,6.5,3.75,1.7333333333333334,1.4166666666666667,0.3333333333333333,0.6372282608695652,0.6802262931034483,110.28934426229507,104.04918032786885,6.240163934426221,1.4583333333333333,113,21.554332552693207
372,Joe Johnson,BKN,2014,24,37.5,33.833333333333336,16.375,0.4839901477832512,5.875,13.333333333333334,44.0625,2.2916666666666665,5.291666666666667,43.30708661417323,2.3333333333333335,2.875,81.15942028985508,0.5833333333333334,2.625,3.2083333333333335,2.7916666666666665,1.125,2.4814814814814814,0.375,0.2916666666666667,0.5265625,0.5608516953990181,102.71771217712177,108.70172201722016,-5.984009840098395,1.7916666666666667,-72,10.216113161131611
373,Martell Webster,WAS,2014,22,45.45454545454545,33.04545454545455,13.136363636363637,0.39752407152682256,4.363636363636363,9.5,45.933014354066984,2.409090909090909,5.863636363636363,41.08527131782946,2.0,2.3636363636363638,84.61538461538461,0.8181818181818182,3.772727272727273,4.590909090909091,2.0,0.5909090909090909,3.3846153846153846,0.9545454545454546,0.3181818181818182,0.5861244019138756,0.6231671554252199,103.73053645116921,105.91953232462173,-2.1889958734525123,1.7272727272727273,-29,10.98707015130674
374,Kevin Love,MIN,2014,24,50.0,35.875,25.041666666666668,0.6980255516840883,8.208333333333334,18.5,44.36936936936937,2.4583333333333335,6.5,37.82051282051282,6.166666666666667,7.5,82.22222222222221,3.9166666666666665,9.708333333333334,13.625,4.0,2.5833333333333335,1.5483870967741935,0.8333333333333334,0.375,0.5101351351351351,0.5743501529051988,111.87427578215527,102.0619930475087,9.812282734646573,1.8333333333333333,186,18.58621089223638
375,DeAndre Jordan,LAC,2014,26,65.38461538461539,34.65384615384615,9.692307692307692,0.27968923418423974,3.8846153846153846,6.115384615384615,63.52201257861635,0.0,0.0,,1.9230769230769231,4.8076923076923075,40.0,4.038461538461538,8.692307692307692,12.73076923076923,0.8076923076923077,1.6153846153846154,0.5,1.0769230769230769,2.076923076923077,0.6352201257861635,0.5887850467289719,108.60643015521065,105.39379157427938,3.2126385809312694,3.423076923076923,59,11.275831485587586
376,Paul Millsap,ATL,2014,24,54.166666666666664,32.541666666666664,16.583333333333332,0.5096030729833547,6.458333333333333,12.958333333333334,49.839228295819936,0.8333333333333334,2.0416666666666665,40.816326530612244,2.8333333333333335,4.333333333333333,65.38461538461539,1.8333333333333333,6.25,8.083333333333334,2.7083333333333335,2.0833333333333335,1.3,1.7083333333333333,1.0,0.5305466237942122,0.5577979594124902,103.66291560102302,101.7622762148338,1.9006393861892121,2.9583333333333335,42,13.086445012787724
377,Jordan Hill,LAL,2014,24,45.83333333333333,21.75,9.75,0.4482758620689655,3.9583333333333335,6.708333333333333,59.006211180124225,0.0,0.0,,1.8333333333333333,2.6666666666666665,68.75,3.2916666666666665,5.041666666666667,8.333333333333334,1.0833333333333333,1.0,1.0833333333333333,0.2916666666666667,0.875,0.5900621118012422,0.6185240008458448,102.77724665391969,107.33460803059273,-4.557361376673043,2.2916666666666665,-49,14.657170172084129
378,Jan Vesely,WAS,2014,17,47.05882352941176,17.529411764705884,2.9411764705882355,0.16778523489932887,1.2941176470588236,2.823529411764706,45.83333333333333,0.0,0.0,,0.35294117647058826,1.1176470588235294,31.57894736842105,1.9411764705882353,2.2941176470588234,4.235294117647059,0.35294117647058826,1.0588235294117647,0.3333333333333333,1.1176470588235294,0.5294117647058824,0.4583333333333333,0.44357700496806246,91.12341137123748,104.36856187290971,-13.245150501672228,2.2941176470588234,-81,4.385953177257526
379,Mirza Teletovic,BKN,2014,17,41.17647058823529,15.941176470588236,6.294117647058823,0.3948339483394834,2.176470588235294,5.588235294117647,38.94736842105263,1.3529411764705883,3.3529411764705883,40.35087719298245,0.5882352941176471,1.0,58.82352941176471,0.8235294117647058,2.9411764705882355,3.764705882352941,0.5294117647058824,0.7058823529411765,0.75,0.29411764705882354,0.17647058823529413,0.5105263157894737,0.5220530835284933,109.30479704797047,109.52324723247233,-0.2184501845018616,1.7058823529411764,1,7.499261992619926
380,Tiago Splitter,SAS,2014,20,75.0,20.75,8.1,0.39036144578313253,3.25,5.55,58.55855855855856,0.0,0.0,,1.6,2.4,66.66666666666666,2.25,4.15,6.4,1.05,1.2,0.875,0.4,0.45,0.5855855855855856,0.6130790190735694,99.26602409638555,88.29469879518071,10.971325301204843,1.8,89,12.972289156626506
381,Lavoy Allen,PHI,2014,26,26.923076923076923,19.5,4.961538461538462,0.25443786982248523,2.1923076923076925,4.769230769230769,45.96774193548387,0.038461538461538464,0.11538461538461539,33.33333333333333,0.5384615384615384,0.8846153846153846,60.86956521739131,1.9230769230769231,3.6538461538461537,5.576923076923077,0.8461538461538461,0.8846153846153846,0.9565217391304348,0.5,0.5,0.4637096774193548,0.4809126155681479,93.49509803921572,102.30019607843138,-8.805098039215665,1.9230769230769231,-101,8.122549019607842
382,Jordan Crawford,BOS,2014,26,46.15384615384615,30.307692307692307,13.76923076923077,0.4543147208121827,4.923076923076923,11.076923076923077,44.44444444444444,1.4230769230769231,3.8461538461538463,37.0,2.5,2.923076923076923,85.52631578947368,0.46153846153846156,2.769230769230769,3.230769230769231,5.461538461538462,2.0384615384615383,2.6792452830188678,0.9230769230769231,0.07692307692307693,0.5086805555555556,0.5568690890990543,104.52918781725889,104.59936548223351,-0.07017766497462219,1.8846153846153846,8,12.711548223350254
383,Vitor Faverani,BOS,2014,26,46.15384615384615,14.923076923076923,5.115384615384615,0.3427835051546392,1.9615384615384615,4.423076923076923,44.34782608695652,0.4230769230769231,1.2307692307692308,34.375,0.7692307692307693,1.2692307692307692,60.60606060606061,1.3846153846153846,2.8076923076923075,4.1923076923076925,0.5,1.2307692307692308,0.40625,0.34615384615384615,0.9615384615384616,0.49130434782608695,0.5134342186534898,92.45435897435898,98.35,-5.895641025641012,2.3076923076923075,-51,4.544871794871795
384,Elton Brand,ATL,2014,17,52.94117647058824,11.058823529411764,2.7058823529411766,0.24468085106382978,1.0588235294117647,2.3529411764705883,45.0,0.0,0.0,,0.5882352941176471,0.9411764705882353,62.5,0.7058823529411765,2.6470588235294117,3.3529411764705883,0.5882352941176471,0.5294117647058824,1.1111111111111112,0.35294117647058826,0.7058823529411765,0.45,0.48894557823129253,100.64148936170211,95.44627659574466,5.19521276595745,1.2352941176470589,26,10.681914893617021
385,Taj Gibson,CHI,2014,23,39.130434782608695,26.652173913043477,11.26086956521739,0.42251223491027734,4.6521739130434785,9.91304347826087,46.92982456140351,0.0,0.043478260869565216,0.0,1.9565217391304348,2.6956521739130435,72.58064516129032,2.4347826086956523,4.217391304347826,6.6521739130434785,0.6956521739130435,1.7391304347826086,0.4,0.2608695652173913,1.2608695652173914,0.4692982456140351,0.507286117204638,97.5799674267101,93.31302931596089,4.266938110749209,2.4347826086956523,36,11.577687296416938
386,Luis Scola,IND,2014,24,83.33333333333334,18.625,8.833333333333334,0.4742729306487696,3.8333333333333335,7.166666666666667,53.48837209302325,0.0,0.125,0.0,1.1666666666666667,1.6666666666666667,70.0,0.9166666666666666,3.625,4.541666666666667,0.7083333333333334,1.625,0.4358974358974359,0.375,0.25,0.5348837209302325,0.559071729957806,99.43577777777777,97.3553333333333,2.080444444444467,2.0416666666666665,17,12.399777777777778
387,Wesley Johnson,LAL,2014,24,45.83333333333333,25.708333333333332,8.333333333333334,0.3241491085899514,3.25,7.541666666666667,43.0939226519337,1.4166666666666667,3.375,41.9753086419753,0.4166666666666667,0.5416666666666666,76.92307692307693,0.75,2.75,3.5,1.3333333333333333,0.9583333333333334,1.391304347826087,1.1666666666666667,1.4166666666666667,0.5248618784530387,0.5355612682090831,100.99319286871963,106.85948136142625,-5.866288492706616,2.8333333333333335,-81,6.867909238249593
388,Luc Mbah a Moute,MIN,2014,17,41.17647058823529,19.647058823529413,4.294117647058823,0.218562874251497,1.7058823529411764,3.7058823529411766,46.03174603174603,0.11764705882352941,0.29411764705882354,40.0,0.7647058823529411,1.3529411764705883,56.52173913043478,1.1176470588235294,1.8823529411764706,3.0,1.1764705882352942,0.7058823529411765,1.6666666666666667,0.7647058823529411,0.4117647058823529,0.47619047619047616,0.49917943107221,102.48184523809523,107.5032738095238,-5.021428571428572,1.4705882352941178,-33,6.0845238095238106
389,C.J. Watson,IND,2014,23,82.6086956521739,19.956521739130434,6.478260869565218,0.32461873638344224,2.0869565217391304,5.391304347826087,38.70967741935484,0.9130434782608695,2.608695652173913,35.0,1.391304347826087,1.6956521739130435,82.05128205128204,0.34782608695652173,1.3043478260869565,1.6521739130434783,1.9565217391304348,0.8260869565217391,2.3684210526315788,0.8260869565217391,0.17391304347826086,0.4717741935483871,0.5277699064890904,101.13456521739131,95.99369565217391,5.1408695652174,1.0869565217391304,43,9.62282608695652
390,Maurice Harkless,ORL,2014,24,33.33333333333333,22.916666666666668,6.958333333333333,0.30363636363636365,2.6666666666666665,6.041666666666667,44.13793103448276,0.625,1.7083333333333333,36.58536585365854,1.0,2.0416666666666665,48.97959183673469,1.0416666666666667,2.2083333333333335,3.25,0.75,1.0833333333333333,0.6923076923076923,1.0416666666666667,0.7083333333333334,0.49310344827586206,0.5013208453410183,98.8502722323049,107.97858439201453,-9.128312159709623,2.25,-107,5.078947368421051
391,Jonas Jerebko,DET,2014,18,50.0,8.277777777777779,3.5555555555555554,0.42953020134228187,1.2777777777777777,2.5555555555555554,50.0,0.3888888888888889,0.8888888888888888,43.75,0.6111111111111112,0.8333333333333334,73.33333333333333,0.4444444444444444,1.1666666666666667,1.6111111111111112,0.5,0.8888888888888888,0.5625,0.2222222222222222,0.1111111111111111,0.5760869565217391,0.6083650190114068,92.78066666666666,104.42733333333334,-11.646666666666675,1.1111111111111112,-35,7.674666666666668
392,Trevor Booker,WAS,2014,15,26.666666666666668,20.066666666666666,6.6,0.3289036544850498,3.1333333333333333,5.733333333333333,54.65116279069767,0.0,0.06666666666666667,0.0,0.3333333333333333,0.7333333333333333,45.45454545454545,2.066666666666667,3.466666666666667,5.533333333333333,1.0666666666666667,0.8,1.3333333333333333,0.5333333333333333,0.4666666666666667,0.5465116279069767,0.5449141347424042,99.55880398671097,106.7215946843854,-7.162790697674424,2.1333333333333333,-51,9.759136212624584
393,D.J. Augustin,CHI,2014,13,46.15384615384615,11.538461538461538,3.076923076923077,0.26666666666666666,1.0,3.769230769230769,26.53061224489796,0.3076923076923077,1.9230769230769231,16.0,0.7692307692307693,0.7692307692307693,100.0,0.0,0.5384615384615384,0.5384615384615384,1.9230769230769231,0.8461538461538461,2.272727272727273,0.23076923076923078,0.0,0.30612244897959184,0.37453183520599254,94.57933333333334,107.128,-12.548666666666662,1.2307692307692308,-32,2.392666666666667
394,Antawn Jamison,LAC,2014,12,66.66666666666666,13.166666666666666,4.416666666666667,0.33544303797468356,1.5833333333333333,4.75,33.33333333333333,0.5833333333333334,1.9166666666666667,30.434782608695656,0.6666666666666666,1.25,53.333333333333336,0.5,2.5833333333333335,3.0833333333333335,0.25,0.5,0.5,0.4166666666666667,0.16666666666666666,0.39473684210526316,0.41666666666666663,105.10126582278481,85.66392405063291,19.437341772151896,1.8333333333333333,63,5.254430379746836
395,Ray Allen,MIA,2014,21,71.42857142857143,25.095238095238095,9.904761904761905,0.3946869070208729,3.4285714285714284,7.476190476190476,45.85987261146497,1.4761904761904763,3.8095238095238093,38.75,1.5714285714285714,1.7142857142857142,91.66666666666666,0.3333333333333333,2.1904761904761907,2.5238095238095237,2.238095238095238,1.4761904761904763,1.5161290322580645,0.9523809523809523,0.19047619047619047,0.5573248407643312,0.6017125665355242,107.85549242424244,99.52159090909092,8.333901515151524,1.7142857142857142,95,10.45625
396,Dante Cunningham,MIN,2014,25,48.0,19.84,5.44,0.27419354838709675,2.64,5.8,45.51724137931035,0.0,0.08,0.0,0.16,0.32,50.0,1.56,2.52,4.08,1.16,0.4,2.9,0.8,0.72,0.45517241379310347,0.4578507945057904,98.57217741935483,104.43568548387097,-5.8635080645161395,1.76,-66,8.643749999999999
397,Metta World Peace,NYK,2014,21,28.57142857142857,15.666666666666666,5.619047619047619,0.3586626139817629,2.2857142857142856,5.857142857142857,39.02439024390244,0.6666666666666666,2.1904761904761907,30.434782608695656,0.38095238095238093,0.47619047619047616,80.0,0.6190476190476191,1.4285714285714286,2.0476190476190474,0.6666666666666666,0.6666666666666666,1.0,0.9047619047619048,0.3333333333333333,0.44715447154471544,0.4631083202511774,99.15212121212122,103.37484848484847,-4.222727272727255,1.8571428571428572,-37,4.352727272727273
398,Mike Harris,UTA,2014,19,5.263157894736842,11.421052631578947,4.0,0.35023041474654376,1.368421052631579,3.0526315789473686,44.827586206896555,0.0,0.10526315789473684,0.0,1.263157894736842,1.3157894736842106,96.0,0.7368421052631579,0.9473684210526315,1.6842105263157894,0.2631578947368421,0.5789473684210527,0.45454545454545453,0.8421052631578947,0.3684210526315789,0.4482758620689655,0.5507246376811594,99.30504587155964,95.63990825688073,3.665137614678912,1.7894736842105263,20,6.353211009174311
399,Marcin Gortat,WAS,2014,23,43.47826086956522,34.608695652173914,12.91304347826087,0.3731155778894472,5.521739130434782,10.521739130434783,52.47933884297521,0.043478260869565216,0.043478260869565216,100.0,1.826086956521739,2.608695652173913,70.0,2.0869565217391304,6.826086956521739,8.91304347826087,1.7826086956521738,1.7391304347826086,1.025,0.43478260869565216,1.4782608695652173,0.5268595041322314,0.5532786885245902,104.98494353826851,101.25031367628605,3.734629861982455,2.347826086956522,56,11.225094102885821
400,Shane Battier,MIA,2014,23,73.91304347826086,20.391304347826086,4.260869565217392,0.208955223880597,1.5217391304347827,3.9565217391304346,38.46153846153847,0.9130434782608695,3.0,30.434782608695656,0.30434782608695654,0.391304347826087,77.77777777777779,0.34782608695652173,1.434782608695652,1.7826086956521738,0.5217391304347826,0.043478260869565216,12.0,0.5217391304347826,0.7391304347826086,0.5,0.5160067396798652,110.39680170575691,98.61556503198295,11.78123667377396,2.0434782608695654,107,3.739019189765459
401,Greg Monroe,DET,2014,26,46.15384615384615,33.96153846153846,14.961538461538462,0.4405436013590034,6.038461538461538,11.73076923076923,51.47540983606558,0.0,0.0,,2.8846153846153846,4.538461538461538,63.559322033898304,3.1923076923076925,5.6923076923076925,8.884615384615385,2.1153846153846154,2.3461538461538463,0.9016393442622951,1.1153846153846154,0.6923076923076923,0.5147540983606558,0.544940042586574,106.10610169491525,105.81005649717515,0.2960451977400993,2.5384615384615383,3,11.525310734463275
402,Glen Davis,ORL,2014,14,28.57142857142857,31.285714285714285,13.142857142857142,0.4200913242009132,5.571428571428571,12.357142857142858,45.08670520231214,0.14285714285714285,0.21428571428571427,66.66666666666666,1.8571428571428572,2.857142857142857,65.0,1.9285714285714286,4.857142857142857,6.785714285714286,1.8571428571428572,1.7142857142857142,1.0833333333333333,1.4285714285714286,0.5714285714285714,0.45664739884393063,0.4826862539349423,99.38789954337899,103.56917808219177,-4.1812785388127764,3.2857142857142856,-36,9.262100456621003
403,Darren Collison,LAC,2014,26,65.38461538461539,17.346153846153847,7.269230769230769,0.4190687361419069,2.5384615384615383,5.961538461538462,42.58064516129032,0.5384615384615384,1.5,35.8974358974359,1.6538461538461537,2.0384615384615383,81.13207547169812,0.5384615384615384,1.6538461538461537,2.1923076923076925,1.8461538461538463,1.3076923076923077,1.411764705882353,0.8461538461538461,0.2692307692307692,0.47096774193548385,0.5299461641991925,98.11810154525385,95.94304635761587,2.1750551876379802,1.7692307692307692,12,10.59955849889625
404,Jodie Meeks,LAL,2014,24,45.83333333333333,28.833333333333332,12.333333333333334,0.4277456647398844,4.333333333333333,9.416666666666666,46.017699115044245,2.0416666666666665,4.75,42.98245614035088,1.625,2.0,81.25,0.5,2.125,2.625,0.9583333333333334,1.1666666666666667,0.8214285714285714,0.8333333333333334,0.041666666666666664,0.5685840707964602,0.5988993201683392,102.53535353535355,107.8873015873016,-5.3519480519480425,1.375,-87,7.898989898989901
405,Chris Bosh,MIA,2014,23,73.91304347826086,28.608695652173914,14.565217391304348,0.5091185410334347,5.434782608695652,10.478260869565217,51.867219917012456,0.6086956521739131,1.7826086956521738,34.146341463414636,3.0869565217391304,3.9130434782608696,78.88888888888889,1.0434782608695652,5.043478260869565,6.086956521739131,0.8695652173913043,1.3043478260869565,0.6666666666666666,0.9130434782608695,1.173913043478261,0.5477178423236515,0.5969351389878831,110.65575757575758,100.47969696969697,10.176060606060602,3.0,126,11.61151515151515
406,Jamal Crawford,LAC,2014,26,65.38461538461539,28.076923076923077,16.03846153846154,0.5712328767123288,5.615384615384615,13.115384615384615,42.81524926686217,1.9615384615384615,5.5,35.66433566433567,2.8461538461538463,3.4615384615384617,82.22222222222221,0.4230769230769231,1.9615384615384615,2.3846153846153846,2.5384615384615383,2.0,1.2692307692307692,0.7692307692307693,0.15384615384615385,0.5029325513196481,0.5478192327903311,105.42144808743168,102.69562841530055,2.725819672131138,1.3461538461538463,49,11.874316939890711
407,Lou Williams,ATL,2014,12,58.333333333333336,21.833333333333332,9.416666666666666,0.4312977099236641,3.4166666666666665,8.75,39.04761904761905,1.5833333333333333,4.166666666666667,38.0,1.0,1.25,80.0,0.3333333333333333,1.25,1.5833333333333333,3.5,1.5,2.3333333333333335,0.75,0.25,0.48095238095238096,0.5062724014336918,108.50916030534353,103.76030534351145,4.74885496183208,1.0,28,8.860687022900763
408,Nick Young,LAL,2014,24,45.83333333333333,26.5,14.75,0.5566037735849056,5.083333333333333,11.791666666666666,43.109540636042404,1.5416666666666667,4.125,37.37373737373738,3.0416666666666665,3.875,78.49462365591397,0.5416666666666666,1.7083333333333333,2.25,1.4166666666666667,0.9166666666666666,1.5454545454545454,0.7916666666666666,0.3333333333333333,0.49646643109540634,0.5464312175845888,105.22762951334379,103.88854003139717,1.3390894819466155,2.4166666666666665,7,8.161852433281007
409,Tony Wroten,PHI,2014,24,29.166666666666668,26.375,13.791666666666666,0.5229067930489731,5.333333333333333,12.416666666666666,42.95302013422819,0.875,3.5,25.0,2.25,4.0,56.25,1.0833333333333333,2.5833333333333335,3.6666666666666665,3.7083333333333335,2.75,1.3484848484848484,1.0,0.2916666666666667,0.46476510067114096,0.48642134963555134,95.98186119873817,109.51340694006312,-13.531545741324948,2.3333333333333335,-182,8.079810725552047
410,Tony Parker,SAS,2014,23,78.26086956521739,30.26086956521739,17.52173913043478,0.5790229885057471,7.3478260869565215,14.304347826086957,51.3677811550152,0.4782608695652174,1.173913043478261,40.74074074074074,2.347826086956522,3.260869565217391,72.0,0.13043478260869565,2.4347826086956523,2.5652173913043477,6.043478260869565,2.391304347826087,2.5272727272727273,0.43478260869565216,0.043478260869565216,0.5303951367781155,0.5566298342541437,106.49656160458451,96.67822349570201,9.8183381088825,1.0434782608695652,135,14.022063037249286
411,Bradley Beal,WAS,2014,14,42.857142857142854,39.42857142857143,20.642857142857142,0.5235507246376812,7.857142857142857,18.857142857142858,41.66666666666667,2.7857142857142856,6.214285714285714,44.827586206896555,2.142857142857143,2.642857142857143,81.08108108108108,0.9285714285714286,3.4285714285714284,4.357142857142857,3.2142857142857144,2.5714285714285716,1.25,0.8571428571428571,0.21428571428571427,0.49053030303030304,0.5155558726987299,103.03339350180505,101.91732851985557,1.116064981949478,2.357142857142857,19,9.087725631768954
412,Marco Belinelli,SAS,2014,24,79.16666666666666,21.833333333333332,9.625,0.44083969465648853,3.75,7.25,51.724137931034484,1.5416666666666667,2.875,53.62318840579711,0.5833333333333334,0.75,77.77777777777779,0.16666666666666666,2.5,2.6666666666666665,1.9166666666666667,1.0833333333333333,1.7692307692307692,0.75,0.08333333333333333,0.6235632183908046,0.6348944591029024,111.5560836501901,98.05760456273764,13.498479087452466,1.5416666666666667,130,10.178897338403042
413,Norris Cole,MIA,2014,24,75.0,24.333333333333332,7.375,0.3030821917808219,3.0416666666666665,6.416666666666667,47.4025974025974,0.7083333333333334,1.7916666666666667,39.53488372093023,0.5833333333333334,0.75,77.77777777777779,0.16666666666666666,2.625,2.7916666666666665,3.4583333333333335,1.625,2.128205128205128,0.8333333333333334,0.16666666666666666,0.5292207792207793,0.5465662055335969,111.79042735042735,99.22222222222221,12.568205128205136,1.8333333333333333,136,9.197264957264956
414,Jared Dudley,LAC,2014,26,65.38461538461539,28.96153846153846,8.576923076923077,0.2961487383798141,3.3461538461538463,7.615384615384615,43.93939393939394,1.3076923076923077,3.769230769230769,34.69387755102041,0.5769230769230769,0.8461538461538461,68.18181818181817,0.5384615384615384,1.3846153846153846,1.9230769230769231,1.6153846153846154,1.0,1.6153846153846154,0.6538461538461539,0.11538461538461539,0.5252525252525253,0.5368836671802774,107.32771883289124,103.34389920424402,3.983819628647211,2.6538461538461537,49,4.167506631299735
415,Kentavious Caldwell-Pope,DET,2014,24,45.83333333333333,23.666666666666668,7.291666666666667,0.30809859154929575,2.7916666666666665,7.666666666666667,36.41304347826087,0.9583333333333334,3.0833333333333335,31.08108108108108,0.75,0.9583333333333334,78.26086956521739,0.5416666666666666,1.9166666666666667,2.4583333333333335,0.9583333333333334,0.3333333333333333,2.875,0.9166666666666666,0.08333333333333333,0.4266304347826087,0.45075211209561095,102.69999999999997,99.74561403508771,2.9543859649122624,1.875,30,5.4505263157894746
416,Andre Drummond,DET,2014,26,46.15384615384615,32.96153846153846,13.307692307692308,0.40373395565927656,5.923076923076923,9.576923076923077,61.84738955823293,0.0,0.038461538461538464,0.0,1.4615384615384615,3.8076923076923075,38.38383838383838,5.076923076923077,7.5,12.576923076923077,0.2692307692307692,1.3076923076923077,0.20588235294117646,1.6923076923076923,1.4230769230769231,0.6184738955823293,0.5913316926442439,103.7129220023283,106.79662398137371,-3.083701979045415,3.230769230769231,-41,13.688707799767169
417,Patty Mills,SAS,2014,24,79.16666666666666,15.708333333333334,7.75,0.493368700265252,2.7916666666666665,5.833333333333333,47.85714285714286,1.3333333333333333,2.9583333333333335,45.07042253521127,0.8333333333333334,1.0416666666666667,80.0,0.375,1.0,1.375,1.375,0.75,1.8333333333333333,1.0416666666666667,0.08333333333333333,0.5928571428571429,0.6158940397350994,106.03245382585754,93.868073878628,12.164379947229548,1.1666666666666667,88,11.633509234828498
418,Paul George,IND,2014,24,83.33333333333334,36.916666666666664,23.791666666666668,0.6444695259593679,8.083333333333334,17.583333333333332,45.97156398104265,2.625,6.416666666666667,40.909090909090914,5.0,5.833333333333333,85.71428571428571,0.5833333333333334,5.166666666666667,5.75,3.5,2.75,1.2727272727272727,2.0416666666666665,0.2916666666666667,0.5343601895734598,0.5903639371381306,108.50766629086812,94.36662908680945,14.141037204058662,2.2916666666666665,247,17.323900789177
419,Nikola Vucevic,ORL,2014,21,38.095238095238095,33.666666666666664,13.857142857142858,0.4115983026874116,5.904761904761905,11.095238095238095,53.21888412017167,0.0,0.0,,2.0476190476190474,2.619047619047619,78.18181818181819,2.9523809523809526,8.428571428571429,11.380952380952381,2.238095238095238,2.5238095238095237,0.8867924528301887,1.0952380952380953,1.0,0.5321888412017167,0.5657076205287714,100.55141242937853,103.33149717514124,-2.780084745762707,2.6666666666666665,-35,13.629661016949154
420,Dwyane Wade,MIA,2014,18,83.33333333333334,33.611111111111114,19.22222222222222,0.571900826446281,7.388888888888889,13.833333333333334,53.41365461847389,0.1111111111111111,0.5,22.22222222222222,4.333333333333333,5.833333333333333,74.28571428571429,0.8888888888888888,3.9444444444444446,4.833333333333333,5.055555555555555,3.388888888888889,1.4918032786885247,1.9444444444444444,0.6111111111111112,0.5381526104417671,0.5860433604336044,107.79834983498351,99.81468646864688,7.9836633663366285,2.4444444444444446,91,15.085643564356436
421,Derrick Favors,UTA,2014,25,24.0,31.8,13.64,0.4289308176100629,5.44,10.28,52.918287937743195,0.0,0.04,0.0,2.76,4.24,65.09433962264151,2.88,6.2,9.08,1.32,2.12,0.6226415094339622,1.16,1.44,0.5291828793774319,0.5615202213147148,99.56007509386733,110.69399249061325,-11.133917396745929,3.4,-180,12.430913642052564
422,Shelvin Mack,ATL,2014,19,52.63157894736842,17.526315789473685,6.894736842105263,0.3933933933933934,2.789473684210526,5.947368421052632,46.902654867256636,0.7368421052631579,1.8421052631578947,40.0,0.5789473684210527,0.7368421052631579,78.57142857142857,0.15789473684210525,1.4210526315789473,1.5789473684210527,3.210526315789474,0.7368421052631579,4.357142857142857,0.6842105263157895,0.0,0.5309734513274337,0.5496811010406176,108.46816816816818,100.65975975975975,7.808408408408425,1.5789473684210527,60,9.532732732732729
423,Enes Freedom,UTA,2014,26,19.230769230769234,27.576923076923077,11.76923076923077,0.42677824267782427,5.076923076923077,10.615384615384615,47.82608695652174,0.0,0.0,,1.6153846153846154,2.1153846153846154,76.36363636363637,2.3461538461538463,3.5,5.846153846153846,0.8076923076923077,1.8846153846153846,0.42857142857142855,0.3076923076923077,0.6923076923076923,0.4782608695652174,0.5096602265156562,94.55167130919222,113.22311977715877,-18.671448467966556,3.230769230769231,-259,7.656685236768801
424,Deron Williams,BKN,2014,13,46.15384615384615,27.076923076923077,12.23076923076923,0.45170454545454547,4.461538461538462,9.615384615384615,46.400000000000006,1.3076923076923077,3.1538461538461537,41.46341463414634,2.0,2.6153846153846154,76.47058823529412,0.0,2.3076923076923075,2.3076923076923075,6.6923076923076925,2.6923076923076925,2.4857142857142858,0.46153846153846156,0.15384615384615385,0.532,0.5680194341240354,109.03286118980171,103.95665722379604,5.076203966005664,1.6923076923076923,40,11.875070821529745
425,Amar'e Stoudemire,NYK,2014,19,21.052631578947366,17.789473684210527,7.7368421052631575,0.4349112426035503,3.3157894736842106,6.2105263157894735,53.38983050847458,0.0,0.0,,1.105263157894737,1.9473684210526316,56.75675675675676,1.263157894736842,2.3157894736842106,3.5789473684210527,0.47368421052631576,1.2105263157894737,0.391304347826087,0.5789473684210527,0.3684210526315789,0.5338983050847458,0.5473637176050045,94.76165191740412,109.4008849557522,-14.639233038348081,2.210526315789474,-101,10.631858407079646
